//0																					
Cruise	Station	Type	mon/day/yr	hh:mm	Lon [°E]	Lat [°N]	Bot. Depth[m]	Depth[m]	QF	Temperature[°C]	QF	Salinity	QF	Density	QF	Oxygen[µM]	QF	OxygenSat[%]	QF	Nitrate[µM]	QF
7597Hawaii	 1	C	05/23/2012	21:59	201.94	 22.671		   901.33	0	  4.3703	0	34.4284	0	27.24	0	38.4	0	11.9	0	42.69	0
7597Hawaii	 1	C	05/23/2012	21:59	201.94	 22.671		   851.45	0	  4.6292	0	34.4262	0	27.208	0	37.9	0	11.8	0	42.48	0
7597Hawaii	 1	C	05/23/2012	21:59	201.94	 22.671		   801.60	0	  4.6672	0	34.3755	0	27.162	0	32.3	0	10.1	0	42.95	0
7597Hawaii	 1	C	05/23/2012	21:59	201.94	 22.671		   751.61	0	  5.0995	0	34.3130	0	27.059	0	33.7	0	10.6	0	41.92	0
7597Hawaii	 1	C	05/23/2012	21:59	201.94	 22.671		   701.50	0	  5.1317	0	34.2259	0	26.983	0	31.0	0	9.8	0	41.76	0
7597Hawaii	 1	C	05/23/2012	21:59	201.94	 22.671		   651.43	0	  5.4034	0	34.1529	0	26.89	0	40.2	0	12.8	0	39.86	0
7597Hawaii	 1	C	05/23/2012	21:59	201.94	 22.671		   599.96	0	  5.8294	0	34.0875	0	26.782	0	55.5	0	17.8	0	37.42	0
7597Hawaii	 1	C	05/23/2012	21:59	201.94	 22.671		   550.41	0	  6.6927	0	34.1011	0	26.678	0	71.4	0	23.4	0	34.18	0
7597Hawaii	 1	C	05/23/2012	21:59	201.94	 22.671		   501.42	0	  7.4745	0	34.0903	0	26.558	0	88.5	0	29.5	0	30.52	0
7597Hawaii	 1	C	05/23/2012	21:59	201.94	 22.671		   450.94	0	  8.5573	0	34.1165	0	26.417	0	109.0	0	37.3	0	26.02	0
7597Hawaii	 1	C	05/23/2012	21:59	201.94	 22.671		   401.63	0	 10.0448	0	34.1649	0	26.216	0	126.0	0	44.5	0	21.24	0
7597Hawaii	 1	C	05/23/2012	21:59	201.94	 22.671		   381.52	0	 10.4768	0	34.1621	0	26.14	0	135.3	0	48.3	0	18.64	0
7597Hawaii	 1	C	05/23/2012	21:59	201.94	 22.671		   360.59	0	 10.9129	0	34.1700	0	26.07	0	142.9	0	51.4	0	16.66	0
7597Hawaii	 1	C	05/23/2012	21:59	201.94	 22.671		   350.66	0	 11.1408	0	34.1727	0	26.031	0	147.3	0	53.3	0	16.43	0
7597Hawaii	 1	C	05/23/2012	21:59	201.94	 22.671		   341.57	0	 11.2986	0	34.1773	0	26.007	0	147.6	0	53.6	0	15.93	0
7597Hawaii	 1	C	05/23/2012	21:59	201.94	 22.671		   331.55	0	 11.7422	0	34.1854	0	25.932	0	146.1	0	53.6	0	15.04	0
7597Hawaii	 1	C	05/23/2012	21:59	201.94	 22.671		   321.52	0	 12.2598	0	34.2020	0	25.849	0	150.2	0	55.7	0	12.42	0
7597Hawaii	 1	C	05/23/2012	21:59	201.94	 22.671		   311.47	0	 12.9559	0	34.2494	0	25.753	0	162.3	0	61.0	0	10.50	0
7597Hawaii	 1	C	05/23/2012	21:59	201.94	 22.671		   301.34	0	 13.3963	0	34.2891	0	25.699	0	170.1	0	64.6	0	08.41	0
7597Hawaii	 1	C	05/23/2012	21:59	201.94	 22.671		   288.38	0	 13.9556	0	34.3328	0	25.622	0	179.1	0	68.8	0	06.44	0
7597Hawaii	 1	C	05/23/2012	21:59	201.94	 22.671		   281.21	0	 14.1665	0	34.3549	0	25.597	0	182.0	0	70.2	0	06.05	0
7597Hawaii	 1	C	05/23/2012	21:59	201.94	 22.671		   270.84	0	 14.7288	0	34.4089	0	25.524	0	181.0	0	70.7	0	05.27	0
7597Hawaii	 1	C	05/23/2012	21:59	201.94	 22.671		   261.09	0	 15.1640	0	34.4530	0	25.467	0	179.4	0	70.7	0	04.85	0
7597Hawaii	 1	C	05/23/2012	21:59	201.94	 22.671		   251.08	0	 15.6596	0	34.4991	0	25.397	0	178.9	0	71.2	0	04.37	0
7597Hawaii	 1	C	05/23/2012	21:59	201.94	 22.671		   241.52	0	 16.0809	0	34.5376	0	25.335	0	179.0	0	71.8	0	03.78	0
7597Hawaii	 1	C	05/23/2012	21:59	201.94	 22.671		   231.49	0	 16.6407	0	34.6107	0	25.269	0	175.1	0	71.1	0	04.36	0
7597Hawaii	 1	C	05/23/2012	21:59	201.94	 22.671		   221.50	0	 17.1922	0	34.6811	0	25.199	0	170.0	0	69.8	0	03.63	0
7597Hawaii	 1	C	05/23/2012	21:59	201.94	 22.671		   211.22	0	 17.6257	0	34.7157	0	25.125	0	168.6	0	69.8	0	03.44	0
7597Hawaii	 1	C	05/23/2012	21:59	201.94	 22.671		   201.06	0	 18.1899	0	34.7782	0	25.041	0	165.0	0	69.1	0	03.08	0
7597Hawaii	 1	C	05/23/2012	21:59	201.94	 22.671		   190.91	0	 18.5739	0	34.8294	0	24.989	0	166.7	0	70.3	0	03.16	0
7597Hawaii	 1	C	05/23/2012	21:59	201.94	 22.671		   181.40	0	 19.1800	0	34.9125	0	24.906	0	168.5	0	71.9	0	02.16	0
7597Hawaii	 1	C	05/23/2012	21:59	201.94	 22.671		   171.60	0	 19.6548	0	34.9665	0	24.83	0	168.4	0	72.5	0	01.71	0
7597Hawaii	 1	C	05/23/2012	21:59	201.94	 22.671		   161.23	0	 20.2880	0	35.0749	0	24.756	0	171.5	0	74.8	0	01.04	0
7597Hawaii	 1	C	05/23/2012	21:59	201.94	 22.671		   151.49	0	 20.7638	0	35.0984	0	24.648	0	172.9	0	76.1	0	01.06	0
7597Hawaii	 1	C	05/23/2012	21:59	201.94	 22.671		   141.65	0	 21.6222	0	35.2101	0	24.508	0	176.4	0	78.9	0	-00.25	0
7597Hawaii	 1	C	05/23/2012	21:59	201.94	 22.671		   131.50	0	 22.0730	0	35.2632	0	24.427	0	181.2	0	81.7	0	-00.95	0
7597Hawaii	 1	C	05/23/2012	21:59	201.94	 22.671		   121.49	0	 22.5591	0	35.2312	0	24.261	0	184.5	0	83.9	0	-01.28	0
7597Hawaii	 1	C	05/23/2012	21:59	201.94	 22.671		   111.59	0	 22.9575	0	35.1890	0	24.109	0	193.5	0	88.6	0	-01.20	0
7597Hawaii	 1	C	05/23/2012	21:59	201.94	 22.671		   101.28	0	 23.2523	0	35.1602	0	23.998	0	194.9	0	89.7	0	-01.07	0
7597Hawaii	 1	C	05/23/2012	21:59	201.94	 22.671		    96.16	0	 23.3485	0	35.1563	0	23.967	0	196.0	0	90.3	0	-00.97	0
7597Hawaii	 1	C	05/23/2012	21:59	201.94	 22.671		    90.96	0	 23.4112	0	35.1529	0	23.945	0	195.5	0	90.2	0	-01.28	0
7597Hawaii	 1	C	05/23/2012	21:59	201.94	 22.671		    86.63	0	 23.4214	0	35.1439	0	23.934	0	195.5	0	90.2	0	-01.40	0
7597Hawaii	 1	C	05/23/2012	21:59	201.94	 22.671		    81.49	0	 23.4443	0	35.1400	0	23.924	0	197.0	0	90.9	0	-01.00	0
7597Hawaii	 1	C	05/23/2012	21:59	201.94	 22.671		    76.62	0	 23.4792	0	35.1340	0	23.909	0	196.8	0	90.9	0	-01.04	0
7597Hawaii	 1	C	05/23/2012	21:59	201.94	 22.671		    71.35	0	 23.5370	0	35.1311	0	23.889	0	196.3	0	90.8	0	-01.18	0
7597Hawaii	 1	C	05/23/2012	21:59	201.94	 22.671		    66.72	0	 23.6297	0	35.1298	0	23.86	0	197.5	0	91.4	0	-01.03	0
7597Hawaii	 1	C	05/23/2012	21:59	201.94	 22.671		    61.27	0	 23.7145	0	35.1417	0	23.845	0	196.8	0	91.3	0	-00.95	0
7597Hawaii	 1	C	05/23/2012	21:59	201.94	 22.671		    56.73	0	 23.7504	0	35.1402	0	23.833	0	196.6	0	91.2	0	-01.10	0
7597Hawaii	 1	C	05/23/2012	21:59	201.94	 22.671		    51.59	0	 23.9481	0	35.1245	0	23.76	0	197.0	0	91.7	0	-00.74	0
7597Hawaii	 1	C	05/23/2012	21:59	201.94	 22.671		    46.60	0	 24.2171	0	35.1281	0	23.682	0	195.1	0	91.3	0	-01.10	0
7597Hawaii	 1	C	05/23/2012	21:59	201.94	 22.671		    41.59	0	 24.2873	0	35.1317	0	23.664	0	194.6	0	91.1	0	-01.19	0
7597Hawaii	 1	C	05/23/2012	21:59	201.94	 22.671		    36.88	0	 24.3498	0	35.1359	0	23.648	0	194.1	0	91.0	0	-00.87	0
7597Hawaii	 1	C	05/23/2012	21:59	201.94	 22.671		    31.59	0	 24.3501	0	35.1358	0	23.648	0	194.1	0	91.0	0	-01.13	0
7597Hawaii	 1	C	05/23/2012	21:59	201.94	 22.671		    26.60	0	 24.3471	0	35.1349	0	23.648	0	194.1	0	91.0	0	-01.15	0
7597Hawaii	 1	C	05/23/2012	21:59	201.94	 22.671		    21.67	0	 24.3475	0	35.1352	0	23.648	0	194.1	0	91.0	0	-01.06	0
7597Hawaii	 1	C	05/23/2012	21:59	201.94	 22.671		    16.48	0	 24.3624	0	35.1332	0	23.642	0	193.9	0	90.9	0	-01.13	0
7597Hawaii	 1	C	05/23/2012	21:59	201.94	 22.671		    11.76	0	 24.3685	0	35.1341	0	23.641	0	193.9	0	90.9	0	-00.78	0
7597Hawaii	 1	C	05/23/2012	21:59	201.94	 22.671		     7.53	0	 24.3682	0	35.1335	0	23.641	0	193.8	0	90.9	0	-01.04	0
7597Hawaii	 1	C	05/23/2012	21:59	201.94	 22.671																	
