//0																													
//Oxygen, 1
//Nitrate, 1,1,15.3,0
//Nitrate, 2, 1,-8,0
//pH, 1, -0.1, 0
//pH, 2, 0.05, 0
//pH, 3, 0.02, 0.06
//Chl,  1,  -0.010
//BB, 1, 0.0000112
Cruise	Station	Type	mon/day/yr	hh:mm	Lon [°E]	Lat [°N]	Bot. Depth[m]	Depth[m]	QF	Temperature[°C]	QF	Salinity	QF	Density	QF	Oxygen[µM]	QF	OxygenSat[%]	QF	Nitrate[µM]	QF	Chlorophyll[µg/l]	QF	BackScatter[/m/sr]	QF	pHinsitu[Total]	QF	pH25C[Total]	QF
9275SoOcn	1	C	1/18/2015	21:56	358.237	-67.66		1797.97	0	0.1295	0	34.6729	0	27.836	0	223.70	0	62.54	0	34.31	0	0.01	0	0.0000638	0	7.8860	8	7.6090	8
9275SoOcn	1	C	1/18/2015	21:56	358.237	-67.66		1698.31	0	0.1631	0	34.674	0	27.835	0	217.80	0	60.94	0	34.62	0	0.01	0	0.0000638	0	7.8826	8	7.6030	8
9275SoOcn	1	C	1/18/2015	21:56	358.237	-67.66		1598.68	0	0.2014	0	34.6759	0	27.833	0	215.90	0	60.47	0	34.39	0	0.01	0	0.0000638	0	7.8850	8	7.6024	8
9275SoOcn	1	C	1/18/2015	21:56	358.237	-67.66		1499.76	0	0.2438	0	34.6783	0	27.832	0	213.90	0	59.98	0	34.50	0	0.01	0	0.0000638	0	7.8870	8	7.6017	8
9275SoOcn	1	C	1/18/2015	21:56	358.237	-67.66		1399.34	0	0.2855	0	34.6801	0	27.831	0	212.00	0	59.51	0	34.51	0	0.02	0	0.0000658	0	7.8891	8	7.6008	8
9275SoOcn	1	C	1/18/2015	21:56	358.237	-67.66		1299.2	0	0.3301	0	34.6821	0	27.829	0	210.40	0	59.13	0	34.36	0	0	0	0.0000658	0	7.8918	8	7.6006	8
9275SoOcn	1	C	1/18/2015	21:56	358.237	-67.66		1199.2	0	0.3748	0	34.6842	0	27.827	0	208.60	0	58.70	0	34.53	0	0.01	0	0.0000638	0	7.8947	8	7.6006	8
9275SoOcn	1	C	1/18/2015	21:56	358.237	-67.66		1098.33	0	0.4245	0	34.686	0	27.825	0	207.50	0	58.46	0	34.50	0	0.01	0	0.0000658	0	7.8983	8	7.6013	8
9275SoOcn	1	C	1/18/2015	21:56	358.237	-67.66		999.37	0	0.4667	0	34.6878	0	27.823	0	206.50	0	58.25	0	34.54	0	0.01	0	0.0000668	0	7.9016	8	7.6016	8
9275SoOcn	1	C	1/18/2015	21:56	358.237	-67.66		949.64	0	0.4867	0	34.6895	0	27.823	0	205.90	0	58.11	0	34.45	0	0.02	0	0.0000668	0	7.8769	8	7.5776	8
9275SoOcn	1	C	1/18/2015	21:56	358.237	-67.66		901.59	0	0.5084	0	34.6902	0	27.822	0	205.00	0	57.89	0	34.38	0	0.01	0	0.0000638	0	7.8797	8	7.5789	8
9275SoOcn	1	C	1/18/2015	21:56	358.237	-67.66		851.36	0	0.5379	0	34.691	0	27.82	0	204.50	0	57.79	0	34.34	0	0.01	0	0.0000688	0	7.8831	8	7.5807	8
9275SoOcn	1	C	1/18/2015	21:56	358.237	-67.66		801.64	0	0.5636	0	34.6916	0	27.819	0	204.20	0	57.75	0	34.13	0	0.01	0	0.0000688	0	7.8864	8	7.5825	8
9275SoOcn	1	C	1/18/2015	21:56	358.237	-67.66		751.67	0	0.5943	0	34.6933	0	27.818	0	203.80	0	57.68	0	34.35	0	0.01	0	0.0000688	0	7.8914	8	7.5859	8
9275SoOcn	1	C	1/18/2015	21:56	358.237	-67.66		701.44	0	0.6222	0	34.6941	0	27.816	0	203.40	0	57.61	0	34.04	0	0.01	0	0.0000658	0	7.8939	8	7.5869	8
9275SoOcn	1	C	1/18/2015	21:56	358.237	-67.66		650.91	0	0.6531	0	34.6953	0	27.815	0	203.10	0	57.57	0	33.88	0	0.01	0	0.0000668	0	7.8979	8	7.5893	8
9275SoOcn	1	C	1/18/2015	21:56	358.237	-67.66		600.95	0	0.6954	0	34.6969	0	27.813	0	202.90	0	57.58	0	34.01	0	0.01	0	0.0000668	0	7.9013	8	7.5914	8
9275SoOcn	1	C	1/18/2015	21:56	358.237	-67.66		551.38	0	0.7302	0	34.6973	0	27.81	0	202.40	0	57.49	0	33.90	0	0.02	0	0.0000738	0	7.9041	8	7.5928	8
9275SoOcn	1	C	1/18/2015	21:56	358.237	-67.66		500.99	0	0.7633	0	34.6981	0	27.809	0	201.70	0	57.34	0	33.78	0	0.03	0	0.0000688	0	7.9049	8	7.5923	8
9275SoOcn	1	C	1/18/2015	21:56	358.237	-67.66		451.02	0	0.7894	0	34.6975	0	27.806	0	201.30	0	57.26	0	33.79	0	0	0	0.0000688	0	7.9065	8	7.5925	8
9275SoOcn	1	C	1/18/2015	21:56	358.237	-67.66		400.93	0	0.8168	0	34.6965	0	27.803	0	200.90	0	57.19	0	33.85	0	0.01	0	0.0000708	0	7.9072	8	7.5918	8
9275SoOcn	1	C	1/18/2015	21:56	358.237	-67.66		381.58	0	0.834	0	34.6979	0	27.803	0	200.60	0	57.13	0	33.87	0	0.01	0	0.0000688	0	7.9085	8	7.5926	8
9275SoOcn	1	C	1/18/2015	21:56	358.237	-67.66		361.01	0	0.8641	0	34.6976	0	27.8	0	200.10	0	57.03	0	33.80	0	0.01	0	0.0000718	0	7.9087	8	7.5926	8
9275SoOcn	1	C	1/18/2015	21:56	358.237	-67.66		351.21	0	0.8607	0	34.6978	0	27.801	0	200.10	0	57.03	0	33.87	0	0.01	0	0.0000718	0	7.9090	8	7.5925	8
9275SoOcn	1	C	1/18/2015	21:56	358.237	-67.66		341.14	0	0.869	0	34.6977	0	27.8	0	200.10	0	57.04	0	33.87	0	0	0	0.0000688	0	7.9086	8	7.5918	8
9275SoOcn	1	C	1/18/2015	21:56	358.237	-67.66		331.51	0	0.8638	0	34.6961	0	27.799	0	200.30	0	57.09	0	33.83	0	0.02	0	0.0000718	0	7.9091	8	7.5920	8
9275SoOcn	1	C	1/18/2015	21:56	358.237	-67.66		321.28	0	0.8649	0	34.6958	0	27.799	0	200.20	0	57.06	0	33.83	0	0.02	0	0.0000718	0	7.9094	8	7.5919	8
9275SoOcn	1	C	1/18/2015	21:56	358.237	-67.66		308.88	0	0.8653	0	34.6942	0	27.797	0	200.10	0	57.03	0	33.78	0	0.01	0	0.0000748	0	7.9089	8	7.5910	8
9275SoOcn	1	C	1/18/2015	21:56	358.237	-67.66		300.93	0	0.8456	0	34.6922	0	27.797	0	200.60	0	57.15	0	33.82	0	0.02	0	0.0000748	0	7.9100	8	7.5915	8
9275SoOcn	1	C	1/18/2015	21:56	358.237	-67.66		290.9	0	0.8599	0	34.692	0	27.796	0	200.60	0	57.17	0	33.91	0	0.01	0	0.0000708	0	7.9096	8	7.5910	8
9275SoOcn	1	C	1/18/2015	21:56	358.237	-67.66		280.77	0	0.8539	0	34.6911	0	27.796	0	200.50	0	57.13	0	33.97	0	0.01	0	0.0000718	0	7.9090	8	7.5900	8
9275SoOcn	1	C	1/18/2015	21:56	358.237	-67.66		270.96	0	0.8986	0	34.6933	0	27.794	0	199.90	0	57.02	0	33.89	0	0.02	0	0.0000708	0	7.9086	8	7.5900	8
9275SoOcn	1	C	1/18/2015	21:56	358.237	-67.66		261.21	0	0.8698	0	34.6904	0	27.794	0	200.00	0	57.01	0	33.66	0	0.01	0	0.0000708	0	7.9083	8	7.5890	8
9275SoOcn	1	C	1/18/2015	21:56	358.237	-67.66		251.38	0	0.8839	0	34.6903	0	27.793	0	200.00	0	57.03	0	33.80	0	0.01	0	0.0000848	0	7.9082	8	7.5888	8
9275SoOcn	1	C	1/18/2015	21:56	358.237	-67.66		240.85	0	0.8985	0	34.6906	0	27.792	0	199.40	0	56.88	0	33.82	0	0.01	0	0.0000708	0	7.9069	8	7.5874	8
9275SoOcn	1	C	1/18/2015	21:56	358.237	-67.66		231.54	0	0.8844	0	34.6871	0	27.79	0	199.60	0	56.92	0	33.91	0	0.01	0	0.0000718	0	7.9072	8	7.5872	8
9275SoOcn	1	C	1/18/2015	21:56	358.237	-67.66		221.13	0	0.8208	0	34.6818	0	27.791	0	200.40	0	57.05	0	34.01	0	0.01	0	0.0000708	0	7.9072	8	7.5860	8
9275SoOcn	1	C	1/18/2015	21:56	358.237	-67.66		211.34	0	0.8019	0	34.6783	0	27.789	0	201.10	0	57.22	0	33.94	0	0.02	0	0.0000708	0	7.9082	8	7.5864	8
9275SoOcn	1	C	1/18/2015	21:56	358.237	-67.66		201.74	0	0.7851	0	34.6765	0	27.789	0	201.40	0	57.28	0	34.02	0	0.02	0	0.0000748	0	7.9084	8	7.5860	8
9275SoOcn	1	C	1/18/2015	21:56	358.237	-67.66		191.32	0	0.8368	0	34.6781	0	27.786	0	200.50	0	57.10	0	34.06	0	0.01	0	0.0000688	0	7.9063	8	7.5844	8
9275SoOcn	1	C	1/18/2015	21:56	358.237	-67.66		181.33	0	0.8389	0	34.6781	0	27.786	0	199.50	0	56.82	0	33.89	0	0.03	0	0.0000718	0	7.9061	8	7.5840	8
9275SoOcn	1	C	1/18/2015	21:56	358.237	-67.66		171.39	0	0.8934	0	34.6832	0	27.786	0	198.70	0	56.67	0	34.11	0	0.01	0	0.0000708	0	7.9068	8	7.5850	8
9275SoOcn	1	C	1/18/2015	21:56	358.237	-67.66		161.46	0	0.9854	0	34.6874	0	27.782	0	196.80	0	56.26	0	34.06	0	0.01	0	0.0000748	0	7.9066	8	7.5857	8
9275SoOcn	1	C	1/18/2015	21:56	358.237	-67.66		150.98	0	0.9448	0	34.6823	0	27.781	0	196.40	0	56.09	0	34.00	0	0.01	0	0.0000738	0	7.9028	8	7.5814	8
9275SoOcn	1	C	1/18/2015	21:56	358.237	-67.66		141.66	0	0.967	0	34.682	0	27.779	0	195.90	0	55.98	0	34.02	0	0.01	0	0.0000718	0	7.9035	8	7.5820	8
9275SoOcn	1	C	1/18/2015	21:56	358.237	-67.66		129.29	0	0.9077	0	34.6735	0	27.777	0	197.30	0	56.29	0	34.15	0	0.03	0	0.0000738	0	7.9050	8	7.5821	8
9275SoOcn	1	C	1/18/2015	21:56	358.237	-67.66		121.34	0	0.9508	0	34.6743	0	27.774	0	196.60	0	56.15	0	33.98	0	0.07	0	0.0000768	0	7.9104	8	7.5874	8
9275SoOcn	1	C	1/18/2015	21:56	358.237	-67.66		111.32	0	0.4276	0	34.6286	0	27.778	0	208.50	0	58.73	0	33.22	0	0.15	0	0.0000868	0	7.9276	8	7.5958	8
9275SoOcn	1	C	1/18/2015	21:56	358.237	-67.66		101.49	0	0.26	0	34.5859	0	27.756	0	219.20	0	61.45	0	33.40	0	0.3	0	0.0000878	0	7.9245	8	7.5903	8
9275SoOcn	1	C	1/18/2015	21:56	358.237	-67.66		94.31	0	-0.0886	0	34.5473	0	27.751	0	225.10	0	62.52	0	32.73	0	0.39	0	0.0000928	0	7.9501	8	7.6088	8
9275SoOcn	1	C	1/18/2015	21:56	358.237	-67.66		87.45	0	-1.627	0	34.4441	0	27.766	0	255.70	0	68.10	0	31.95	0	0.48	0	0.0001058	0	7.9836	8	7.6186	8
9275SoOcn	1	C	1/18/2015	21:56	358.237	-67.66		81.2	0	-1.5249	0	34.395	0	27.721	0	268.20	0	71.60	0	31.68	0	0.84	0	0.0001588	0	7.9885	8	7.6242	8
9275SoOcn	1	C	1/18/2015	21:56	358.237	-67.66		75.09	0	-1.6852	0	34.3645	0	27.705	0	275.40	0	73.19	0	31.57	0	0.99	0	0.0001668	0	7.9914	8	7.6245	8
9275SoOcn	1	C	1/18/2015	21:56	358.237	-67.66		69.66	0	-1.7307	0	34.3524	0	27.698	0	278.60	0	73.94	0	31.68	0	0.97	0	0.0001428	0	7.9942	8	7.6263	8
9275SoOcn	1	C	1/18/2015	21:56	358.237	-67.66		64.66	0	-1.7485	0	34.3368	0	27.687	0	280.30	0	74.35	0	31.36	0	0.91	0	0.0001358	0	7.9974	8	7.6288	8
9275SoOcn	1	C	1/18/2015	21:56	358.237	-67.66		60.01	0	-1.7365	0	34.3224	0	27.675	0	282.00	0	74.82	0	31.49	0	1.03	0	0.0001598	0	7.9961	8	7.6277	8
9275SoOcn	1	C	1/18/2015	21:56	358.237	-67.66		55.59	0	-1.7424	0	34.3066	0	27.662	0	283.60	0	75.22	0	31.38	0	1.03	0	0.0001508	0	7.9979	8	7.6291	8
9275SoOcn	1	C	1/18/2015	21:56	358.237	-67.66		51.26	0	-1.7256	0	34.2907	0	27.648	0	284.40	0	75.46	0	31.31	0	1.16	0	0.0001598	0	8.0024	8	7.6333	8
9275SoOcn	1	C	1/18/2015	21:56	358.237	-67.66		47	0	-1.7099	0	34.2657	0	27.628	0	286.20	0	75.96	0	31.21	0	1.07	0	0.0001808	0	8.0119	8	7.6421	8
9275SoOcn	1	C	1/18/2015	21:56	358.237	-67.66		42.46	0	-1.6572	0	34.187	0	27.561	0	289.10	0	76.79	0	30.90	0	1.22	0	0.0002158	0	8.0166	8	7.6469	8
9275SoOcn	1	C	1/18/2015	21:56	358.237	-67.66		37.75	0	-1.4826	0	34.0979	0	27.48	0	292.60	0	78.05	0	30.52	0	1.53	0	0.0002198	0	8.0216	8	7.6537	8
9275SoOcn	1	C	1/18/2015	21:56	358.237	-67.66		33.19	0	-1.2505	0	33.9667	0	27.36	0	300.50	0	80.58	0	30.27	0	0.85	0	0.0001968	0	8.0255	8	7.6602	8
9275SoOcn	1	C	1/18/2015	21:56	358.237	-67.66		29.55	0	-1.0609	0	33.8754	0	27.275	0	311.40	0	83.88	0	29.96	0	1.04	0	0.0002418	0	8.0244	8	7.6617	8
9275SoOcn	1	C	1/18/2015	21:56	358.237	-67.66		26.81	0	-1.0078	0	33.8514	0	27.252	0	325.60	0	87.82	0	29.98	0	1.1	0	0.0002368	0	8.0267	8	7.6644	8
9275SoOcn	1	C	1/18/2015	21:56	358.237	-67.66		21.54	0	-0.9584	0	33.8263	0	27.228	0	329.10	0	88.86	0	29.84	0	1	0	0.0002468	0	8.0269	8	7.6651	8
9275SoOcn	1	C	1/18/2015	21:56	358.237	-67.66		15.92	0	-0.9593	0	33.8261	0	27.228	0	330.90	0	89.35	0	29.92	0	1.21	0	0.0004548	0	8.0296	8	7.6674	8
9275SoOcn	1	C	1/18/2015	21:56	358.237	-67.66		10.53	0	-0.955	0	33.8237	0	27.226	0	333.10	0	89.95	0	29.98	0	1.13	0	0.0002388	0	8.0314	8	7.6689	8
9275SoOcn	1	C	1/18/2015	21:56	358.237	-67.66		5.81	0	-0.9496	0	33.8204	0	27.223	0	334.30	0	90.28	0	30.02	0	1.01	0	0.0002238	0	8.0308	8	7.6682	8
9275SoOcn	1	C	1/18/2015	21:56	358.237	-67.66																							
9275SoOcn	2	C	1/29/2015	06:20	357.957	-67.591		1600.22	0	0.2064	0	34.6771	0	27.834	0	214.40	0	60.06	0	34.22	0	0.01	0	0.0000638	0	7.8961	0	7.6086	0
9275SoOcn	2	C	1/29/2015	06:20	357.957	-67.591		1497.92	0	0.2416	0	34.6789	0	27.833	0	212.90	0	59.70	0	34.26	0	0.01	0	0.0000668	0	7.8910	0	7.6010	0
9275SoOcn	2	C	1/29/2015	06:20	357.957	-67.591		1399.5	0	0.2814	0	34.6803	0	27.831	0	211.10	0	59.25	0	34.33	0	0.01	0	0.0000658	0	7.8979	0	7.6046	0
9275SoOcn	2	C	1/29/2015	06:20	357.957	-67.591		1298.83	0	0.3294	0	34.6829	0	27.83	0	209.30	0	58.82	0	34.52	0	0.01	0	0.0000688	0	7.8996	0	7.6035	0
9275SoOcn	2	C	1/29/2015	06:20	357.957	-67.591		1199.16	0	0.3748	0	34.6847	0	27.828	0	207.60	0	58.42	0	34.38	0	0.01	0	0.0000668	0	7.9002	0	7.6015	0
9275SoOcn	2	C	1/29/2015	06:20	357.957	-67.591		1099.42	0	0.423	0	34.6865	0	27.825	0	206.30	0	58.12	0	34.45	0	0	0	0.0000658	0	7.9044	0	7.6026	0
9275SoOcn	2	C	1/29/2015	06:20	357.957	-67.591		997.63	0	0.4768	0	34.6885	0	27.823	0	204.90	0	57.81	0	34.50	0	0.01	0	0.0000658	0	7.9064	0	7.6019	0
9275SoOcn	2	C	1/29/2015	06:20	357.957	-67.591		951	0	0.4986	0	34.6897	0	27.822	0	204.40	0	57.70	0	34.29	0	0.01	0	0.0000668	0	7.9055	0	7.5998	0
9275SoOcn	2	C	1/29/2015	06:20	357.957	-67.591		901.61	0	0.5233	0	34.6908	0	27.821	0	203.60	0	57.52	0	34.43	0	0.01	0	0.0000708	0	7.9070	0	7.6000	0
9275SoOcn	2	C	1/29/2015	06:20	357.957	-67.591		851.58	0	0.55	0	34.6916	0	27.82	0	203.30	0	57.47	0	34.30	0	0.01	0	0.0000668	0	7.9086	0	7.6001	0
9275SoOcn	2	C	1/29/2015	06:20	357.957	-67.591		800.66	0	0.5896	0	34.6933	0	27.818	0	202.90	0	57.42	0	34.13	0	0.01	0	0.0000668	0	7.9109	0	7.6011	0
9275SoOcn	2	C	1/29/2015	06:20	357.957	-67.591		750.93	0	0.6227	0	34.6949	0	27.817	0	202.80	0	57.44	0	34.13	0	0.01	0	0.0000668	0	7.9140	0	7.6027	0
9275SoOcn	2	C	1/29/2015	06:20	357.957	-67.591		701	0	0.6469	0	34.6948	0	27.815	0	202.20	0	57.31	0	34.19	0	0.01	0	0.0000668	0	7.9148	0	7.6022	0
9275SoOcn	2	C	1/29/2015	06:20	357.957	-67.591		650.65	0	0.6906	0	34.6968	0	27.813	0	202.00	0	57.32	0	34.00	0	0.01	0	0.0000688	0	7.9166	0	7.6028	0
9275SoOcn	2	C	1/29/2015	06:20	357.957	-67.591		601.59	0	0.722	0	34.6976	0	27.811	0	201.50	0	57.22	0	34.00	0	0.01	0	0.0000708	0	7.9194	0	7.6042	0
9275SoOcn	2	C	1/29/2015	06:20	357.957	-67.591		551.41	0	0.7558	0	34.6986	0	27.81	0	201.00	0	57.13	0	33.98	0	0.01	0	0.0000688	0	7.9202	0	7.6037	0
9275SoOcn	2	C	1/29/2015	06:20	357.957	-67.591		501.14	0	0.7852	0	34.6991	0	27.808	0	200.10	0	56.92	0	33.98	0	0.01	0	0.0000708	0	7.9218	0	7.6039	0
9275SoOcn	2	C	1/29/2015	06:20	357.957	-67.591		450.67	0	0.8103	0	34.6987	0	27.805	0	199.80	0	56.87	0	33.94	0	0.01	0	0.0000688	0	7.9215	0	7.6023	0
9275SoOcn	2	C	1/29/2015	06:20	357.957	-67.591		401.45	0	0.8528	0	34.6992	0	27.802	0	199.40	0	56.82	0	33.94	0	0	0	0.0000718	0	7.9227	0	7.6023	0
9275SoOcn	2	C	1/29/2015	06:20	357.957	-67.591		381.57	0	0.8719	0	34.6992	0	27.801	0	199.00	0	56.73	0	33.84	0	0.01	0	0.0000718	0	7.9222	0	7.6015	0
9275SoOcn	2	C	1/29/2015	06:20	357.957	-67.591		360.95	0	0.8825	0	34.6992	0	27.8	0	198.70	0	56.66	0	33.97	0	0.01	0	0.0000738	0	7.9205	0	7.5994	0
9275SoOcn	2	C	1/29/2015	06:20	357.957	-67.591		351.19	0	0.9067	0	34.6998	0	27.798	0	198.70	0	56.70	0	33.99	0	0.01	0	0.0000738	0	7.9241	0	7.6027	0
9275SoOcn	2	C	1/29/2015	06:20	357.957	-67.591		339.42	0	0.9334	0	34.7017	0	27.798	0	199.00	0	56.82	0	33.89	0	0	0	0.0000708	0	7.9265	0	7.6049	0
9275SoOcn	2	C	1/29/2015	06:20	357.957	-67.591		331.6	0	0.9418	0	34.7021	0	27.798	0	199.10	0	56.86	0	33.77	0	0.01	0	0.0000718	0	7.9263	0	7.6046	0
9275SoOcn	2	C	1/29/2015	06:20	357.957	-67.591		321.69	0	0.9576	0	34.7021	0	27.796	0	199.10	0	56.89	0	33.77	0	0.01	0	0.0000718	0	7.9262	0	7.6044	0
9275SoOcn	2	C	1/29/2015	06:20	357.957	-67.591		310.64	0	0.9665	0	34.7027	0	27.796	0	199.10	0	56.90	0	33.76	0	0.01	0	0.0000768	0	7.9283	0	7.6061	0
9275SoOcn	2	C	1/29/2015	06:20	357.957	-67.591		301.17	0	0.9763	0	34.7025	0	27.795	0	199.00	0	56.89	0	33.91	0	0	0	0.0000818	0	7.9244	0	7.6023	0
9275SoOcn	2	C	1/29/2015	06:20	357.957	-67.591		290.84	0	0.9785	0	34.7013	0	27.794	0	198.40	0	56.72	0	33.93	0	0.01	0	0.0000788	0	7.9238	0	7.6015	0
9275SoOcn	2	C	1/29/2015	06:20	357.957	-67.591		281.64	0	0.9872	0	34.7019	0	27.794	0	198.20	0	56.67	0	33.78	0	0.01	0	0.0000748	0	7.9245	0	7.6020	0
9275SoOcn	2	C	1/29/2015	06:20	357.957	-67.591		270.82	0	0.9993	0	34.7015	0	27.792	0	197.80	0	56.58	0	33.92	0	0.01	0	0.0000718	0	7.9231	0	7.6005	0
9275SoOcn	2	C	1/29/2015	06:20	357.957	-67.591		261.2	0	0.9889	0	34.7002	0	27.792	0	197.40	0	56.45	0	33.98	0	0.01	0	0.0000738	0	7.9215	0	7.5985	0
9275SoOcn	2	C	1/29/2015	06:20	357.957	-67.591		251.53	0	1.0098	0	34.7001	0	27.79	0	196.90	0	56.33	0	33.96	0	0.02	0	0.0000718	0	7.9210	0	7.5980	0
9275SoOcn	2	C	1/29/2015	06:20	357.957	-67.591		241.42	0	0.9939	0	34.6978	0	27.79	0	196.70	0	56.25	0	33.94	0	0.02	0	0.0000768	0	7.9196	0	7.5962	0
9275SoOcn	2	C	1/29/2015	06:20	357.957	-67.591		231.59	0	0.9987	0	34.6973	0	27.789	0	196.30	0	56.14	0	34.18	0	0.01	0	0.0000768	0	7.9179	0	7.5944	0
9275SoOcn	2	C	1/29/2015	06:20	357.957	-67.591		220.91	0	1.0108	0	34.697	0	27.788	0	195.80	0	56.02	0	34.01	0	0.01	0	0.0000748	0	7.9188	0	7.5950	0
9275SoOcn	2	C	1/29/2015	06:20	357.957	-67.591		211.72	0	1.029	0	34.6968	0	27.786	0	195.60	0	55.99	0	33.99	0	0.01	0	0.0000748	0	7.9170	0	7.5933	0
9275SoOcn	2	C	1/29/2015	06:20	357.957	-67.591		199.59	0	1.0198	0	34.6949	0	27.785	0	195.40	0	55.92	0	34.15	0	0.01	0	0.0000768	0	7.9166	0	7.5924	0
9275SoOcn	2	C	1/29/2015	06:20	357.957	-67.591		190.48	0	1.0067	0	34.6927	0	27.785	0	195.10	0	55.81	0	34.10	0	0.02	0	0.0000798	0	7.9145	0	7.5900	0
9275SoOcn	2	C	1/29/2015	06:20	357.957	-67.591		180.82	0	0.9868	0	34.6897	0	27.784	0	194.90	0	55.72	0	34.18	0	0.02	0	0.0000908	0	7.9148	0	7.5897	0
9275SoOcn	2	C	1/29/2015	06:20	357.957	-67.591		171.17	0	0.9754	0	34.6872	0	27.783	0	194.90	0	55.71	0	34.35	0	0.02	0	0.0000768	0	7.9138	0	7.5884	0
9275SoOcn	2	C	1/29/2015	06:20	357.957	-67.591		161.03	0	1.0126	0	34.6865	0	27.779	0	194.70	0	55.70	0	34.15	0	0.02	0	0.0000818	0	7.9160	0	7.5905	0
9275SoOcn	2	C	1/29/2015	06:20	357.957	-67.591		151.3	0	1.0265	0	34.6873	0	27.779	0	194.70	0	55.72	0	34.21	0	0.01	0	0.0000768	0	7.9130	0	7.5876	0
9275SoOcn	2	C	1/29/2015	06:20	357.957	-67.591		141.6	0	0.9573	0	34.6801	0	27.778	0	194.90	0	55.68	0	34.26	0	0.04	0	0.0000748	0	7.9130	0	7.5864	0
9275SoOcn	2	C	1/29/2015	06:20	357.957	-67.591		131.74	0	0.9432	0	34.6731	0	27.774	0	195.10	0	55.71	0	34.23	0	0.07	0	0.0000798	0	7.9114	0	7.5844	0
9275SoOcn	2	C	1/29/2015	06:20	357.957	-67.591		121.34	0	1.0258	0	34.6775	0	27.771	0	194.40	0	55.63	0	34.32	0	0.1	0	0.0000798	0	7.9101	0	7.5839	0
9275SoOcn	2	C	1/29/2015	06:20	357.957	-67.591		111.08	0	1.0002	0	34.6694	0	27.766	0	194.50	0	55.62	0	34.26	0	0.14	0	0.0000878	0	7.9096	0	7.5828	0
9275SoOcn	2	C	1/29/2015	06:20	357.957	-67.591		101.09	0	0.8676	0	34.6561	0	27.766	0	195.80	0	55.80	0	34.42	0	0.29	0	0.0000908	0	7.9119	0	7.5828	0
9275SoOcn	2	C	1/29/2015	06:20	357.957	-67.591		95.26	0	0.6334	0	34.6349	0	27.768	0	199.50	0	56.50	0	33.75	0	0.49	0	0.0001008	0	7.9277	0	7.5939	0
9275SoOcn	2	C	1/29/2015	06:20	357.957	-67.591		89.42	0	-0.1372	0	34.5412	0	27.749	0	217.70	0	60.38	0	33.26	0	0.57	0	0.0001068	0	7.9516	0	7.6052	0
9275SoOcn	2	C	1/29/2015	06:20	357.957	-67.591		84.27	0	-0.8224	0	34.4696	0	27.738	0	238.50	0	64.92	0	32.75	0	0.79	0	0.0001148	0	7.9677	0	7.6105	0
9275SoOcn	2	C	1/29/2015	06:20	357.957	-67.591		79.72	0	-1.1338	0	34.4334	0	27.728	0	251.50	0	67.88	0	32.57	0	0.91	0	0.0001268	0	7.9817	0	7.6190	0
9275SoOcn	2	C	1/29/2015	06:20	357.957	-67.591		75.46	0	-1.3943	0	34.3998	0	27.717	0	262.80	0	70.41	0	32.34	0	1.37	0	0.0001648	0	7.9898	0	7.6227	0
9275SoOcn	2	C	1/29/2015	06:20	357.957	-67.591		71.36	0	-1.5752	0	34.3776	0	27.71	0	270.00	0	71.98	0	32.05	0	1.54	0	0.0001938	0	7.9968	0	7.6266	0
9275SoOcn	2	C	1/29/2015	06:20	357.957	-67.591		66.63	0	-1.6955	0	34.3534	0	27.697	0	276.30	0	73.40	0	32.03	0	1.61	0	0.0002018	0	8.0005	0	7.6283	0
9275SoOcn	2	C	1/29/2015	06:20	357.957	-67.591		61.81	0	-1.6895	0	34.3368	0	27.683	0	279.40	0	74.23	0	31.86	0	1.72	0	0.0001748	0	8.0052	0	7.6324	0
9275SoOcn	2	C	1/29/2015	06:20	357.957	-67.591		56.6	0	-1.7408	0	34.3132	0	27.667	0	282.30	0	74.88	0	31.67	0	1.8	0	0.0001838	0	8.0068	0	7.6331	0
9275SoOcn	2	C	1/29/2015	06:20	357.957	-67.591		51.9	0	-1.7522	0	34.3027	0	27.66	0	283.80	0	75.25	0	31.62	0	1.83	0	0.0002068	0	8.0068	0	7.6328	0
9275SoOcn	2	C	1/29/2015	06:20	357.957	-67.591		46.59	0	-1.7231	0	34.2877	0	27.646	0	285.30	0	75.70	0	31.56	0	1.8	0	0.0002018	0	8.0142	0	7.6398	0
9275SoOcn	2	C	1/29/2015	06:20	357.957	-67.591		41.72	0	-1.6818	0	34.2625	0	27.623	0	286.90	0	76.20	0	31.35	0	1.91	0	0.0002448	0	8.0194	0	7.6449	0
9275SoOcn	2	C	1/29/2015	06:20	357.957	-67.591		36.71	0	-1.5879	0	34.2146	0	27.579	0	289.60	0	77.09	0	30.97	0	3.62	0	0.0004238	0	8.0372	0	7.6624	0
9275SoOcn	2	C	1/29/2015	06:20	357.957	-67.591		31.91	0	-1.5289	0	34.1832	0	27.551	0	296.60	0	79.06	0	30.42	0	3.39	0	0.0004948	0	8.0422	0	7.6676	0
9275SoOcn	2	C	1/29/2015	06:20	357.957	-67.591		26.72	0	-1.1003	0	34.0204	0	27.394	0	309.40	0	83.34	0	30.29	0	3.54	0	0.0008808	0	8.0430	0	7.6739	0
9275SoOcn	2	C	1/29/2015	06:20	357.957	-67.591		21.67	0	-0.7035	0	33.9504	0	27.312	0	323.50	0	88.02	0	29.97	0	2.28	0	0.0008518	0	8.0379	0	7.6744	0
9275SoOcn	2	C	1/29/2015	06:20	357.957	-67.591		16.66	0	0.0019	0	33.8328	0	27.167	0	340.30	0	94.27	0	29.93	0	1.21	0	0.0003168	0	8.0392	0	7.6850	0
9275SoOcn	2	C	1/29/2015	06:20	357.957	-67.591		11.56	0	0.0095	0	33.8313	0	27.165	0	342.70	0	94.95	0	29.23	0	1.41	0	0.0003728	0	8.0405	0	7.6861	0
9275SoOcn	2	C	1/29/2015	06:20	357.957	-67.591		7.1	0	0.0073	0	33.8323	0	27.166	0	343.60	0	95.20	0	29.30	0	1.21	0	0.0002928	0	8.0423	0	7.6875	0
9275SoOcn	2	C	1/29/2015	06:20	357.957	-67.591																							
9275SoOcn	3	C	2/8/2015	15:38	357.539	-67.515		1799.44	0	0.138	0	34.6734	0	27.836	0	217.60	0	60.85	0	33.44	0	0.01	0	0.0000658	0	7.8772	0	7.5952	0
9275SoOcn	3	C	2/8/2015	15:38	357.539	-67.515		1698.69	0	0.1783	0	34.6754	0	27.835	0	215.70	0	60.38	0	33.39	0	0	0	0.0000628	0	7.8817	0	7.5965	0
9275SoOcn	3	C	2/8/2015	15:38	357.539	-67.515		1598.76	0	0.2146	0	34.6771	0	27.833	0	213.90	0	59.93	0	33.62	0	0.01	0	0.0000628	0	7.8832	0	7.5951	0
9275SoOcn	3	C	2/8/2015	15:38	357.539	-67.515		1498.99	0	0.2505	0	34.6792	0	27.833	0	212.00	0	59.46	0	33.78	0	0.01	0	0.0000638	0	7.8851	0	7.5941	0
9275SoOcn	3	C	2/8/2015	15:38	357.539	-67.515		1399.33	0	0.2957	0	34.6813	0	27.831	0	210.20	0	59.02	0	33.66	0	0.01	0	0.0000638	0	7.8861	0	7.5923	0
9275SoOcn	3	C	2/8/2015	15:38	357.539	-67.515		1299.01	0	0.3337	0	34.683	0	27.829	0	208.80	0	58.69	0	33.73	0	0	0	0.0000658	0	7.8892	0	7.5924	0
9275SoOcn	3	C	2/8/2015	15:38	357.539	-67.515		1199.17	0	0.374	0	34.684	0	27.827	0	207.50	0	58.39	0	33.76	0	0.01	0	0.0000638	0	7.8927	0	7.5929	0
9275SoOcn	3	C	2/8/2015	15:38	357.539	-67.515		1098.91	0	0.4171	0	34.6865	0	27.826	0	205.90	0	58.00	0	33.79	0	0.01	0	0.0000638	0	7.8950	0	7.5923	0
9275SoOcn	3	C	2/8/2015	15:38	357.539	-67.515		998.61	0	0.4664	0	34.6886	0	27.824	0	204.80	0	57.77	0	33.90	0	0.01	0	0.0000658	0	7.8989	0	7.5932	0
9275SoOcn	3	C	2/8/2015	15:38	357.539	-67.515		951.66	0	0.4942	0	34.6896	0	27.823	0	203.90	0	57.56	0	33.83	0	0.01	0	0.0000668	0	7.8971	0	7.5904	0
9275SoOcn	3	C	2/8/2015	15:38	357.539	-67.515		900.92	0	0.5166	0	34.6905	0	27.822	0	203.40	0	57.45	0	33.80	0	0	0	0.0000668	0	7.8992	0	7.5910	0
9275SoOcn	3	C	2/8/2015	15:38	357.539	-67.515		851.22	0	0.5425	0	34.6913	0	27.82	0	203.10	0	57.40	0	33.69	0	0.01	0	0.0000658	0	7.9006	0	7.5910	0
9275SoOcn	3	C	2/8/2015	15:38	357.539	-67.515		800.83	0	0.5732	0	34.6928	0	27.819	0	202.60	0	57.31	0	33.70	0	0.01	0	0.0000748	0	7.9032	0	7.5921	0
9275SoOcn	3	C	2/8/2015	15:38	357.539	-67.515		751.02	0	0.6007	0	34.6938	0	27.818	0	202.70	0	57.38	0	33.54	0	0	0	0.0000668	0	7.9071	0	7.5945	0
9275SoOcn	3	C	2/8/2015	15:38	357.539	-67.515		701.09	0	0.6299	0	34.6945	0	27.816	0	202.30	0	57.31	0	33.49	0	0	0	0.0000688	0	7.9072	0	7.5933	0
9275SoOcn	3	C	2/8/2015	15:38	357.539	-67.515		651.15	0	0.6664	0	34.6957	0	27.814	0	201.90	0	57.25	0	33.43	0	0.01	0	0.0000688	0	7.9104	0	7.5951	0
9275SoOcn	3	C	2/8/2015	15:38	357.539	-67.515		601.56	0	0.7035	0	34.6966	0	27.812	0	201.10	0	57.08	0	33.38	0	0.01	0	0.0000688	0	7.9107	0	7.5942	0
9275SoOcn	3	C	2/8/2015	15:38	357.539	-67.515		551	0	0.7395	0	34.6975	0	27.81	0	200.70	0	57.02	0	33.34	0	0.01	0	0.0000688	0	7.9121	0	7.5944	0
9275SoOcn	3	C	2/8/2015	15:38	357.539	-67.515		501.25	0	0.7825	0	34.6984	0	27.807	0	200.70	0	57.08	0	33.23	0	0.01	0	0.0000668	0	7.9156	0	7.5965	0
9275SoOcn	3	C	2/8/2015	15:38	357.539	-67.515		450.82	0	0.8263	0	34.6992	0	27.804	0	199.70	0	56.86	0	33.24	0	0.02	0	0.0000688	0	7.9136	0	7.5937	0
9275SoOcn	3	C	2/8/2015	15:38	357.539	-67.515		401.03	0	0.8717	0	34.6999	0	27.801	0	199.00	0	56.73	0	33.19	0	0.01	0	0.0000708	0	7.9161	0	7.5949	0
9275SoOcn	3	C	2/8/2015	15:38	357.539	-67.515		381.61	0	0.901	0	34.701	0	27.8	0	199.10	0	56.80	0	33.27	0	0	0	0.0000738	0	7.9138	0	7.5926	0
9275SoOcn	3	C	2/8/2015	15:38	357.539	-67.515		361.6	0	0.8864	0	34.6985	0	27.799	0	198.80	0	56.69	0	33.23	0	0.01	0	0.0000718	0	7.9142	0	7.5921	0
9275SoOcn	3	C	2/8/2015	15:38	357.539	-67.515		350.37	0	0.9174	0	34.7006	0	27.798	0	198.70	0	56.71	0	33.19	0	0.01	0	0.0000738	0	7.9173	0	7.5949	0
9275SoOcn	3	C	2/8/2015	15:38	357.539	-67.515		341.07	0	0.9319	0	34.7015	0	27.798	0	198.80	0	56.76	0	33.08	0	0.01	0	0.0000748	0	7.9166	0	7.5942	0
9275SoOcn	3	C	2/8/2015	15:38	357.539	-67.515		331.34	0	0.9472	0	34.7012	0	27.796	0	198.70	0	56.76	0	33.10	0	0.01	0	0.0000738	0	7.9172	0	7.5946	0
9275SoOcn	3	C	2/8/2015	15:38	357.539	-67.515		321.39	0	0.9526	0	34.7006	0	27.795	0	198.70	0	56.76	0	33.04	0	0.02	0	0.0000748	0	7.9124	0	7.5900	0
9275SoOcn	3	C	2/8/2015	15:38	357.539	-67.515		310.81	0	0.9051	0	34.6967	0	27.796	0	198.70	0	56.69	0	33.18	0	0.01	0	0.0000738	0	7.9132	0	7.5897	0
9275SoOcn	3	C	2/8/2015	15:38	357.539	-67.515		301.48	0	0.901	0	34.6948	0	27.795	0	198.40	0	56.60	0	33.39	0	0.01	0	0.0000788	0	7.9122	0	7.5885	0
9275SoOcn	3	C	2/8/2015	15:38	357.539	-67.515		291.03	0	0.9149	0	34.6946	0	27.794	0	197.80	0	56.45	0	33.34	0	0.02	0	0.0000788	0	7.9110	0	7.5872	0
9275SoOcn	3	C	2/8/2015	15:38	357.539	-67.515		281	0	0.9425	0	34.6954	0	27.792	0	197.30	0	56.35	0	33.25	0	0.01	0	0.0000768	0	7.9109	0	7.5872	0
9275SoOcn	3	C	2/8/2015	15:38	357.539	-67.515		271.26	0	0.9914	0	34.6987	0	27.791	0	196.80	0	56.28	0	33.19	0	0.01	0	0.0000798	0	7.9113	0	7.5879	0
9275SoOcn	3	C	2/8/2015	15:38	357.539	-67.515		261.11	0	0.9268	0	34.6928	0	27.791	0	197.50	0	56.38	0	33.26	0	0.01	0	0.0000848	0	7.9097	0	7.5852	0
9275SoOcn	3	C	2/8/2015	15:38	357.539	-67.515		251.05	0	0.8917	0	34.6888	0	27.791	0	198.20	0	56.53	0	33.39	0	0.01	0	0.0000768	0	7.9103	0	7.5849	0
9275SoOcn	3	C	2/8/2015	15:38	357.539	-67.515		240.96	0	0.8402	0	34.6835	0	27.791	0	199.70	0	56.88	0	33.29	0	0	0	0.0000798	0	7.9107	0	7.5843	0
9275SoOcn	3	C	2/8/2015	15:38	357.539	-67.515		231.38	0	0.8377	0	34.682	0	27.79	0	199.80	0	56.90	0	33.40	0	0.02	0	0.0000788	0	7.9108	0	7.5840	0
9275SoOcn	3	C	2/8/2015	15:38	357.539	-67.515		221.17	0	0.8611	0	34.6829	0	27.788	0	199.40	0	56.82	0	33.46	0	0.02	0	0.0000788	0	7.9111	0	7.5843	0
9275SoOcn	3	C	2/8/2015	15:38	357.539	-67.515		208.59	0	0.7641	0	34.6731	0	27.788	0	201.90	0	57.39	0	33.39	0	0.02	0	0.0000748	0	7.9110	0	7.5824	0
9275SoOcn	3	C	2/8/2015	15:38	357.539	-67.515		199.25	0	0.7396	0	34.6709	0	27.788	0	201.90	0	57.35	0	33.18	0	0.02	0	0.0000768	0	7.9122	0	7.5829	0
9275SoOcn	3	C	2/8/2015	15:38	357.539	-67.515		191.59	0	0.695	0	34.6652	0	27.787	0	203.80	0	57.82	0	33.27	0	0.02	0	0.0000978	0	7.9125	0	7.5823	0
9275SoOcn	3	C	2/8/2015	15:38	357.539	-67.515		181.51	0	0.7523	0	34.6677	0	27.785	0	203.30	0	57.76	0	33.52	0	0.04	0	0.0000748	0	7.9105	0	7.5810	0
9275SoOcn	3	C	2/8/2015	15:38	357.539	-67.515		170.7	0	0.7852	0	34.6706	0	27.785	0	201.80	0	57.39	0	33.40	0	0.02	0	0.0000788	0	7.9117	0	7.5821	0
9275SoOcn	3	C	2/8/2015	15:38	357.539	-67.515		161.27	0	0.8919	0	34.6771	0	27.781	0	200.30	0	57.12	0	33.25	0	0.02	0	0.0000798	0	7.9113	0	7.5829	0
9275SoOcn	3	C	2/8/2015	15:38	357.539	-67.515		151.44	0	0.8801	0	34.6759	0	27.781	0	199.50	0	56.88	0	33.44	0	0.02	0	0.0000738	0	7.9095	0	7.5807	0
9275SoOcn	3	C	2/8/2015	15:38	357.539	-67.515		140.84	0	0.6854	0	34.6573	0	27.782	0	202.30	0	57.38	0	33.28	0	0.13	0	0.0000768	0	7.9131	0	7.5811	0
9275SoOcn	3	C	2/8/2015	15:38	357.539	-67.515		131.62	0	0.6294	0	34.6508	0	27.781	0	205.20	0	58.11	0	33.31	0	0.16	0	0.0000768	0	7.9137	0	7.5805	0
9275SoOcn	3	C	2/8/2015	15:38	357.539	-67.515		121.08	0	0.606	0	34.6468	0	27.779	0	206.20	0	58.36	0	33.14	0	0.16	0	0.0000798	0	7.9248	0	7.5901	0
9275SoOcn	3	C	2/8/2015	15:38	357.539	-67.515		111.24	0	-0.3402	0	34.5643	0	27.782	0	230.00	0	63.46	0	31.67	0	0.3	0	0.0000848	0	7.9540	0	7.6036	0
9275SoOcn	3	C	2/8/2015	15:38	357.539	-67.515		101.74	0	-1.1871	0	34.4888	0	27.776	0	266.00	0	71.71	0	31.34	0	0.46	0	0.0000928	0	7.9757	0	7.6118	0
9275SoOcn	3	C	2/8/2015	15:38	357.539	-67.515		96.18	0	-1.4031	0	34.4652	0	27.77	0	278.90	0	74.74	0	30.89	0	0.67	0	0.0001138	0	7.9880	0	7.6200	0
9275SoOcn	3	C	2/8/2015	15:38	357.539	-67.515		91.15	0	-1.5637	0	34.4472	0	27.765	0	287.90	0	76.81	0	30.89	0	0.82	0	0.0001198	0	7.9936	0	7.6228	0
9275SoOcn	3	C	2/8/2015	15:38	357.539	-67.515		86.3	0	-1.6177	0	34.4377	0	27.76	0	292.90	0	78.03	0	30.60	0	0.97	0	0.0001358	0	7.9950	0	7.6232	0
9275SoOcn	3	C	2/8/2015	15:38	357.539	-67.515		81.62	0	-1.6233	0	34.4288	0	27.754	0	296.50	0	78.97	0	30.90	0	1.15	0	0.0001438	0	7.9957	0	7.6236	0
9275SoOcn	3	C	2/8/2015	15:38	357.539	-67.515		76.51	0	-1.6436	0	34.4222	0	27.749	0	298.20	0	79.37	0	30.73	0	1.08	0	0.0001348	0	7.9911	0	7.6189	0
9275SoOcn	3	C	2/8/2015	15:38	357.539	-67.515		71.33	0	-1.6549	0	34.4131	0	27.743	0	298.20	0	79.34	0	30.87	0	1.19	0	0.0001408	0	7.9844	0	7.6125	0
9275SoOcn	3	C	2/8/2015	15:38	357.539	-67.515		66.73	0	-1.6647	0	34.3982	0	27.731	0	297.00	0	78.99	0	30.89	0	1.17	0	0.0001468	0	7.9832	0	7.6111	0
9275SoOcn	3	C	2/8/2015	15:38	357.539	-67.515		61.74	0	-1.6697	0	34.3774	0	27.715	0	294.50	0	78.31	0	30.81	0	1.13	0	0.0001638	0	7.9900	0	7.6171	0
9275SoOcn	3	C	2/8/2015	15:38	357.539	-67.515		56.77	0	-1.6267	0	34.3533	0	27.693	0	293.70	0	78.17	0	30.61	0	1.37	0	0.0001968	0	7.9976	0	7.6245	0
9275SoOcn	3	C	2/8/2015	15:38	357.539	-67.515		51.86	0	-1.6608	0	34.321	0	27.669	0	294.00	0	78.16	0	30.70	0	1.72	0	0.0002228	0	8.0050	0	7.6307	0
9275SoOcn	3	C	2/8/2015	15:38	357.539	-67.515		46.8	0	-1.6522	0	34.2983	0	27.65	0	292.00	0	77.64	0	30.63	0	1.95	0	0.0002068	0	8.0131	0	7.6380	0
9275SoOcn	3	C	2/8/2015	15:38	357.539	-67.515		41.7	0	-1.5919	0	34.2378	0	27.598	0	292.30	0	77.81	0	30.29	0	1.82	0	0.0002658	0	8.0182	0	7.6433	0
9275SoOcn	3	C	2/8/2015	15:38	357.539	-67.515		36.74	0	-1.4279	0	34.1422	0	27.512	0	301.70	0	80.62	0	29.79	0	1.23	0	0.0002018	0	8.0217	0	7.6486	0
9275SoOcn	3	C	2/8/2015	15:38	357.539	-67.515		31.73	0	-0.4216	0	33.9539	0	27.295	0	329.20	0	90.25	0	29.81	0	1.35	0	0.0002868	0	8.0231	0	7.6633	0
9275SoOcn	3	C	2/8/2015	15:38	357.539	-67.515		26.12	0	-0.2071	0	33.9365	0	27.266	0	339.80	0	93.68	0	28.70	0	1.3	0	0.0003398	0	8.0448	0	7.6859	0
9275SoOcn	3	C	2/8/2015	15:38	357.539	-67.515		21.62	0	0.3029	0	33.8572	0	27.164	0	340.60	0	95.12	0	27.21	0	1.7	0	0.0003858	0	8.0484	0	7.6960	0
9275SoOcn	3	C	2/8/2015	15:38	357.539	-67.515		16.16	0	0.3784	0	33.855	0	27.156	0	344.40	0	96.37	0	27.15	0	1.48	0	0.0003908	0	8.0500	0	7.6983	0
9275SoOcn	3	C	2/8/2015	15:38	357.539	-67.515		11.49	0	0.3853	0	33.8535	0	27.154	0	346.20	0	96.89	0	27.01	0	1.12	0	0.0004518	0	8.0502	0	7.6984	0
9275SoOcn	3	C	2/8/2015	15:38	357.539	-67.515		7.9	0	0.3992	0	33.8519	0	27.152	0	347.10	0	97.17	0	27.09	0	0.87	0	0.0003378	0	8.0535	0	7.7015	0
9275SoOcn	3	C	2/8/2015	15:38	357.539	-67.515																							
9275SoOcn	4	C	2/19/2015	00:55	357.067	-67.346		1798.47	0	0.1241	0	34.6729	0	27.837	0	219.00	0	61.22	0	33.34	0	0	0	0.0000658	0	7.8734	0	7.5914	0
9275SoOcn	4	C	2/19/2015	00:55	357.067	-67.346		1699.05	0	0.1606	0	34.6745	0	27.835	0	217.20	0	60.77	0	33.58	0	0.02	0	0.0000658	0	7.8845	0	7.5987	0
9275SoOcn	4	C	2/19/2015	00:55	357.067	-67.346		1598.6	0	0.1988	0	34.6763	0	27.834	0	215.50	0	60.36	0	33.46	0	0.01	0	0.0000638	0	7.8892	0	7.6003	0
9275SoOcn	4	C	2/19/2015	00:55	357.067	-67.346		1497.79	0	0.2403	0	34.6786	0	27.833	0	213.30	0	59.81	0	33.52	0	0.01	0	0.0000658	0	7.8889	0	7.5972	0
9275SoOcn	4	C	2/19/2015	00:55	357.067	-67.346		1398.97	0	0.2864	0	34.6805	0	27.831	0	211.40	0	59.35	0	33.63	0	0.01	0	0.0000658	0	7.8912	0	7.5967	0
9275SoOcn	4	C	2/19/2015	00:55	357.067	-67.346		1298.95	0	0.3293	0	34.6825	0	27.829	0	209.60	0	58.91	0	33.70	0	0.01	0	0.0000688	0	7.8944	0	7.5969	0
9275SoOcn	4	C	2/19/2015	00:55	357.067	-67.346		1199.78	0	0.3709	0	34.6843	0	27.828	0	208.10	0	58.55	0	33.66	0	0.02	0	0.0000658	0	7.8963	0	7.5960	0
9275SoOcn	4	C	2/19/2015	00:55	357.067	-67.346		1099.65	0	0.418	0	34.6866	0	27.826	0	206.50	0	58.17	0	33.56	0	0.01	0	0.0000658	0	7.8983	0	7.5952	0
9275SoOcn	4	C	2/19/2015	00:55	357.067	-67.346		998.61	0	0.472	0	34.6885	0	27.823	0	205.20	0	57.89	0	33.66	0	0.01	0	0.0000668	0	7.9008	0	7.5949	0
9275SoOcn	4	C	2/19/2015	00:55	357.067	-67.346		951.28	0	0.4934	0	34.6897	0	27.823	0	204.70	0	57.78	0	33.71	0	0.01	0	0.0000688	0	7.8998	0	7.5927	0
9275SoOcn	4	C	2/19/2015	00:55	357.067	-67.346		901.37	0	0.5167	0	34.6906	0	27.822	0	204.80	0	57.84	0	33.73	0	0.01	0	0.0000668	0	7.9040	0	7.5952	0
9275SoOcn	4	C	2/19/2015	00:55	357.067	-67.346		851.78	0	0.535	0	34.6914	0	27.821	0	204.20	0	57.70	0	33.59	0	0.01	0	0.0000658	0	7.9041	0	7.5939	0
9275SoOcn	4	C	2/19/2015	00:55	357.067	-67.346		801.64	0	0.5612	0	34.6923	0	27.82	0	203.70	0	57.60	0	33.55	0	0.01	0	0.0000688	0	7.9068	0	7.5952	0
9275SoOcn	4	C	2/19/2015	00:55	357.067	-67.346		751.29	0	0.5885	0	34.6928	0	27.818	0	202.20	0	57.22	0	33.70	0	0.01	0	0.0000898	0	7.9059	0	7.5931	0
9275SoOcn	4	C	2/19/2015	00:55	357.067	-67.346		700.35	0	0.6242	0	34.6939	0	27.816	0	201.60	0	57.10	0	33.64	0	0.01	0	0.0000738	0	7.9063	0	7.5922	0
9275SoOcn	4	C	2/19/2015	00:55	357.067	-67.346		651.33	0	0.643	0	34.694	0	27.815	0	201.10	0	56.99	0	33.66	0	0.01	0	0.0000668	0	7.9076	0	7.5920	0
9275SoOcn	4	C	2/19/2015	00:55	357.067	-67.346		601.17	0	0.6802	0	34.6957	0	27.813	0	201.10	0	57.04	0	33.34	0	0.01	0	0.0000718	0	7.9100	0	7.5931	0
9275SoOcn	4	C	2/19/2015	00:55	357.067	-67.346		551.17	0	0.7326	0	34.6975	0	27.81	0	200.60	0	56.98	0	33.39	0	0.01	0	0.0000718	0	7.9121	0	7.5942	0
9275SoOcn	4	C	2/19/2015	00:55	357.067	-67.346		501.22	0	0.7705	0	34.6987	0	27.808	0	201.10	0	57.18	0	33.35	0	0.01	0	0.0000708	0	7.9162	0	7.5968	0
9275SoOcn	4	C	2/19/2015	00:55	357.067	-67.346		451.64	0	0.8108	0	34.6997	0	27.806	0	200.80	0	57.15	0	33.24	0	0.01	0	0.0000668	0	7.9182	0	7.5975	0
9275SoOcn	4	C	2/19/2015	00:55	357.067	-67.346		401.36	0	0.8614	0	34.7002	0	27.802	0	199.40	0	56.83	0	33.13	0	0.01	0	0.0000738	0	7.9175	0	7.5959	0
9275SoOcn	4	C	2/19/2015	00:55	357.067	-67.346		380.93	0	0.8763	0	34.7	0	27.801	0	199.00	0	56.74	0	33.24	0	0.01	0	0.0000818	0	7.9161	0	7.5941	0
9275SoOcn	4	C	2/19/2015	00:55	357.067	-67.346		361.09	0	0.9004	0	34.7005	0	27.8	0	199.00	0	56.77	0	33.29	0	0.02	0	0.0000848	0	7.9162	0	7.5939	0
9275SoOcn	4	C	2/19/2015	00:55	357.067	-67.346		350.78	0	0.9044	0	34.7009	0	27.8	0	199.00	0	56.78	0	33.20	0	0.01	0	0.0000768	0	7.9170	0	7.5944	0
9275SoOcn	4	C	2/19/2015	00:55	357.067	-67.346		340.76	0	0.9193	0	34.7009	0	27.798	0	198.70	0	56.72	0	33.09	0	0.01	0	0.0000768	0	7.9170	0	7.5942	0
9275SoOcn	4	C	2/19/2015	00:55	357.067	-67.346		330.67	0	0.9244	0	34.7009	0	27.798	0	198.70	0	56.72	0	33.31	0	0.01	0	0.0000748	0	7.9170	0	7.5939	0
9275SoOcn	4	C	2/19/2015	00:55	357.067	-67.346		321.08	0	0.9315	0	34.7013	0	27.798	0	198.60	0	56.70	0	33.33	0	0.01	0	0.0000798	0	7.9173	0	7.5941	0
9275SoOcn	4	C	2/19/2015	00:55	357.067	-67.346		310.84	0	0.9385	0	34.7006	0	27.797	0	198.30	0	56.63	0	33.24	0	0.01	0	0.0000818	0	7.9152	0	7.5919	0
9275SoOcn	4	C	2/19/2015	00:55	357.067	-67.346		301.67	0	0.9504	0	34.7	0	27.795	0	197.80	0	56.50	0	33.26	0	0.01	0	0.0000818	0	7.9149	0	7.5915	0
9275SoOcn	4	C	2/19/2015	00:55	357.067	-67.346		290.87	0	0.9616	0	34.6995	0	27.794	0	197.30	0	56.38	0	33.46	0	0.01	0	0.0000868	0	7.9128	0	7.5893	0
9275SoOcn	4	C	2/19/2015	00:55	357.067	-67.346		281.31	0	0.9669	0	34.6987	0	27.793	0	196.90	0	56.27	0	33.32	0	0.01	0	0.0000908	0	7.9114	0	7.5878	0
9275SoOcn	4	C	2/19/2015	00:55	357.067	-67.346		271.64	0	0.9722	0	34.6978	0	27.792	0	196.70	0	56.22	0	33.36	0	0.02	0	0.0001038	0	7.9120	0	7.5881	0
9275SoOcn	4	C	2/19/2015	00:55	357.067	-67.346		261.48	0	0.9816	0	34.6971	0	27.79	0	196.40	0	56.15	0	33.43	0	0.01	0	0.0000868	0	7.9116	0	7.5875	0
9275SoOcn	4	C	2/19/2015	00:55	357.067	-67.346		251.4	0	0.9946	0	34.6974	0	27.789	0	195.90	0	56.02	0	33.50	0	0	0	0.0000898	0	7.9094	0	7.5854	0
9275SoOcn	4	C	2/19/2015	00:55	357.067	-67.346		241.41	0	1.0082	0	34.6971	0	27.788	0	195.50	0	55.93	0	33.39	0	0.02	0	0.0003118	0	7.9104	0	7.5861	0
9275SoOcn	4	C	2/19/2015	00:55	357.067	-67.346		231.74	0	0.9765	0	34.6936	0	27.788	0	195.80	0	55.97	0	33.53	0	0.01	0	0.0001008	0	7.9091	0	7.5842	0
9275SoOcn	4	C	2/19/2015	00:55	357.067	-67.346		221.32	0	0.9721	0	34.692	0	27.787	0	195.70	0	55.93	0	33.46	0	0.02	0	0.0000898	0	7.9082	0	7.5830	0
9275SoOcn	4	C	2/19/2015	00:55	357.067	-67.346		211.02	0	0.9709	0	34.6906	0	27.786	0	195.50	0	55.87	0	33.54	0	0.01	0	0.0000868	0	7.9071	0	7.5816	0
9275SoOcn	4	C	2/19/2015	00:55	357.067	-67.346		201.26	0	0.9641	0	34.6887	0	27.785	0	195.40	0	55.83	0	33.51	0	0.02	0	0.0001298	0	7.9048	0	7.5791	0
9275SoOcn	4	C	2/19/2015	00:55	357.067	-67.346		189.99	0	1.0105	0	34.6896	0	27.782	0	194.70	0	55.70	0	33.58	0	0.02	0	0.0000908	0	7.9062	0	7.5807	0
9275SoOcn	4	C	2/19/2015	00:55	357.067	-67.346		180.95	0	0.9876	0	34.6873	0	27.782	0	194.50	0	55.61	0	33.72	0	0.02	0	0.0000978	0	7.9048	0	7.5788	0
9275SoOcn	4	C	2/19/2015	00:55	357.067	-67.346		171.2	0	0.9739	0	34.6843	0	27.78	0	194.60	0	55.62	0	33.88	0	0.02	0	0.0000978	0	7.9043	0	7.5777	0
9275SoOcn	4	C	2/19/2015	00:55	357.067	-67.346		161.33	0	0.9788	0	34.6826	0	27.779	0	194.40	0	55.57	0	33.72	0	0.04	0	0.0000928	0	7.9053	0	7.5784	0
9275SoOcn	4	C	2/19/2015	00:55	357.067	-67.346		150.97	0	0.9969	0	34.6821	0	27.777	0	194.10	0	55.51	0	33.86	0	0.02	0	0.0001588	0	7.9030	0	7.5762	0
9275SoOcn	4	C	2/19/2015	00:55	357.067	-67.346		140.85	0	1.0201	0	34.6802	0	27.773	0	193.60	0	55.40	0	33.84	0	0.03	0	0.0000948	0	7.9046	0	7.5777	0
9275SoOcn	4	C	2/19/2015	00:55	357.067	-67.346		131.37	0	1.0151	0	34.6786	0	27.773	0	193.50	0	55.36	0	33.83	0	0.07	0	0.0000868	0	7.9003	0	7.5734	0
9275SoOcn	4	C	2/19/2015	00:55	357.067	-67.346		121.65	0	0.924	0	34.6671	0	27.771	0	194.40	0	55.48	0	33.84	0	0.1	0	0.0000868	0	7.9018	0	7.5732	0
9275SoOcn	4	C	2/19/2015	00:55	357.067	-67.346		111.21	0	0.9153	0	34.6625	0	27.768	0	194.40	0	55.47	0	33.94	0	0.13	0	0.0000978	0	7.9013	0	7.5722	0
9275SoOcn	4	C	2/19/2015	00:55	357.067	-67.346		100.95	0	0.7771	0	34.6483	0	27.767	0	196.90	0	55.97	0	33.87	0	0.28	0	0.0000978	0	7.9032	0	7.5718	0
9275SoOcn	4	C	2/19/2015	00:55	357.067	-67.346		94.72	0	0.77	0	34.648	0	27.767	0	197.40	0	56.11	0	33.95	0	0.26	0	0.0000958	0	7.9027	0	7.5710	0
9275SoOcn	4	C	2/19/2015	00:55	357.067	-67.346		88.63	0	0.3999	0	34.6129	0	27.768	0	202.60	0	57.02	0	33.54	0	0.37	0	0.0001068	0	7.9210	0	7.5826	0
9275SoOcn	4	C	2/19/2015	00:55	357.067	-67.346		82.83	0	-0.1015	0	34.5533	0	27.756	0	216.90	0	60.22	0	32.83	0	0.43	0	0.0001168	0	7.9351	0	7.5884	0
9275SoOcn	4	C	2/19/2015	00:55	357.067	-67.346		77.31	0	-0.5163	0	34.5044	0	27.746	0	232.30	0	63.77	0	32.49	0	0.46	0	0.0001138	0	7.9470	0	7.5936	0
9275SoOcn	4	C	2/19/2015	00:55	357.067	-67.346		72.43	0	-0.8884	0	34.4584	0	27.733	0	244.50	0	66.44	0	32.08	0	0.64	0	0.0001348	0	7.9604	0	7.6007	0
9275SoOcn	4	C	2/19/2015	00:55	357.067	-67.346		68.15	0	-1.2581	0	34.4184	0	27.724	0	256.10	0	68.88	0	31.73	0	0.68	0	0.0001298	0	7.9777	0	7.6114	0
9275SoOcn	4	C	2/19/2015	00:55	357.067	-67.346		64.59	0	-1.5523	0	34.3788	0	27.709	0	266.20	0	71.01	0	31.42	0	1.8	0	0.0002558	0	7.9833	0	7.6125	0
9275SoOcn	4	C	2/19/2015	00:55	357.067	-67.346		61.51	0	-1.5894	0	34.3707	0	27.705	0	271.30	0	72.29	0	31.40	0	0.89	0	0.0001508	0	7.9854	0	7.6139	0
9275SoOcn	4	C	2/19/2015	00:55	357.067	-67.346		56.81	0	-1.673	0	34.3517	0	27.694	0	276.30	0	73.45	0	31.52	0	1.07	0	0.0001538	0	7.9876	0	7.6146	0
9275SoOcn	4	C	2/19/2015	00:55	357.067	-67.346		51.55	0	-1.6975	0	34.3272	0	27.676	0	278.80	0	74.05	0	31.09	0	1.15	0	0.0001888	0	7.9959	0	7.6216	0
9275SoOcn	4	C	2/19/2015	00:55	357.067	-67.346		46.65	0	-1.6674	0	34.2811	0	27.637	0	281.20	0	74.73	0	30.64	0	1.61	0	0.0002308	0	7.9989	0	7.6246	0
9275SoOcn	4	C	2/19/2015	00:55	357.067	-67.346		41.74	0	-1.5819	0	34.2386	0	27.598	0	284.40	0	75.73	0	30.35	0	1.75	0	0.0002238	0	8.0069	0	7.6330	0
9275SoOcn	4	C	2/19/2015	00:55	357.067	-67.346		36.8	0	-1.2063	0	34.1133	0	27.475	0	289.50	0	77.81	0	29.71	0	2.73	0	0.0002918	0	8.0511	0	7.6784	0
9275SoOcn	4	C	2/19/2015	00:55	357.067	-67.346		31.88	0	0.2433	0	33.7847	0	27.11	0	336.10	0	93.67	0	25.32	0	2.76	0	0.0005328	0	8.0815	0	7.7257	0
9275SoOcn	4	C	2/19/2015	00:55	357.067	-67.346		26.56	0	0.2753	0	33.7837	0	27.106	0	339.60	0	94.72	0	24.87	0	4.16	0	0.0009878	0	8.0819	0	7.7263	0
9275SoOcn	4	C	2/19/2015	00:55	357.067	-67.346		21.6	0	0.2887	0	33.7814	0	27.103	0	340.40	0	94.98	0	24.94	0	1.98	0	0.0003558	0	8.0824	0	7.7268	0
9275SoOcn	4	C	2/19/2015	00:55	357.067	-67.346		16.12	0	0.2965	0	33.7798	0	27.102	0	340.30	0	94.97	0	25.12	0	1.95	0	0.0003588	0	8.0831	0	7.7274	0
9275SoOcn	4	C	2/19/2015	00:55	357.067	-67.346		11.8	0	0.3016	0	33.7774	0	27.099	0	341.40	0	95.28	0	24.96	0	2.26	0	0.0004148	0	8.0846	0	7.7286	0
9275SoOcn	4	C	2/19/2015	00:55	357.067	-67.346		7.36	0	0.3003	0	33.7774	0	27.099	0	342.40	0	95.56	0	24.94	0	2.29	0	0.0004818	0	8.0854	0	7.7292	0
9275SoOcn	4	C	2/19/2015	00:55	357.067	-67.346																							
9275SoOcn	5	C	3/1/2015	09:20	356.568	-67.433		1799.17	0	0.125	0	34.6728	0	27.837	0	218.80	0	61.16	0	33.21	0	0.01	0	0.0000738	0	7.8811	0	7.5982	0
9275SoOcn	5	C	3/1/2015	09:20	356.568	-67.433		1699.55	0	0.155	0	34.6744	0	27.836	0	217.40	0	60.82	0	33.37	0	0.01	0	0.0000658	0	7.8846	0	7.5986	0
9275SoOcn	5	C	3/1/2015	09:20	356.568	-67.433		1598.64	0	0.1948	0	34.6763	0	27.834	0	215.50	0	60.35	0	33.43	0	0.01	0	0.0000658	0	7.8862	0	7.5973	0
9275SoOcn	5	C	3/1/2015	09:20	356.568	-67.433		1497.73	0	0.2343	0	34.6786	0	27.833	0	213.50	0	59.85	0	33.51	0	0.01	0	0.0000658	0	7.8893	0	7.5973	0
9275SoOcn	5	C	3/1/2015	09:20	356.568	-67.433		1399.19	0	0.2758	0	34.6801	0	27.831	0	211.60	0	59.39	0	33.47	0	0.01	0	0.0000658	0	7.8931	0	7.5982	0
9275SoOcn	5	C	3/1/2015	09:20	356.568	-67.433		1298.48	0	0.3228	0	34.6824	0	27.83	0	210.50	0	59.15	0	33.53	0	0.01	0	0.0000668	0	7.8972	0	7.5993	0
9275SoOcn	5	C	3/1/2015	09:20	356.568	-67.433		1199.89	0	0.3652	0	34.6842	0	27.828	0	209.10	0	58.82	0	33.56	0	0	0	0.0000658	0	7.8992	0	7.5985	0
9275SoOcn	5	C	3/1/2015	09:20	356.568	-67.433		1099.34	0	0.4092	0	34.686	0	27.826	0	208.00	0	58.58	0	33.48	0	0.01	0	0.0000668	0	7.9016	0	7.5979	0
9275SoOcn	5	C	3/1/2015	09:20	356.568	-67.433		996.45	0	0.4604	0	34.688	0	27.824	0	205.70	0	58.01	0	33.44	0	0.01	0	0.0000658	0	7.9032	0	7.5967	0
9275SoOcn	5	C	3/1/2015	09:20	356.568	-67.433		951.45	0	0.4815	0	34.6896	0	27.824	0	204.80	0	57.79	0	33.60	0	0.01	0	0.0000668	0	7.9012	0	7.5937	0
9275SoOcn	5	C	3/1/2015	09:20	356.568	-67.433		900.98	0	0.5077	0	34.6907	0	27.822	0	203.90	0	57.58	0	33.60	0	0.01	0	0.0000688	0	7.9004	0	7.5917	0
9275SoOcn	5	C	3/1/2015	09:20	356.568	-67.433		851.57	0	0.5331	0	34.6916	0	27.821	0	203.70	0	57.56	0	33.63	0	0	0	0.0000708	0	7.9004	0	7.5904	0
9275SoOcn	5	C	3/1/2015	09:20	356.568	-67.433		800.85	0	0.5591	0	34.6927	0	27.82	0	203.10	0	57.43	0	33.70	0	0.01	0	0.0000718	0	7.9004	0	7.5891	0
9275SoOcn	5	C	3/1/2015	09:20	356.568	-67.433		751.34	0	0.5857	0	34.6932	0	27.818	0	202.00	0	57.16	0	33.61	0	0	0	0.0000898	0	7.9005	0	7.5879	0
9275SoOcn	5	C	3/1/2015	09:20	356.568	-67.433		700.19	0	0.6157	0	34.6944	0	27.817	0	202.00	0	57.20	0	33.61	0	0.01	0	0.0000868	0	7.9058	0	7.5915	0
9275SoOcn	5	C	3/1/2015	09:20	356.568	-67.433		650.93	0	0.6514	0	34.695	0	27.815	0	202.20	0	57.31	0	33.31	0	0.01	0	0.0000738	0	7.9068	0	7.5913	0
9275SoOcn	5	C	3/1/2015	09:20	356.568	-67.433		601.14	0	0.6854	0	34.696	0	27.813	0	201.40	0	57.14	0	33.42	0	0.01	0	0.0000748	0	7.9093	0	7.5924	0
9275SoOcn	5	C	3/1/2015	09:20	356.568	-67.433		551.49	0	0.7232	0	34.6975	0	27.811	0	201.30	0	57.17	0	33.27	0	0.01	0	0.0000738	0	7.9125	0	7.5942	0
9275SoOcn	5	C	3/1/2015	09:20	356.568	-67.433		501.23	0	0.7738	0	34.6984	0	27.808	0	199.90	0	56.84	0	33.07	0	0.01	0	0.0000748	0	7.9123	0	7.5931	0
9275SoOcn	5	C	3/1/2015	09:20	356.568	-67.433		451.56	0	0.8208	0	34.7	0	27.806	0	200.00	0	56.94	0	33.09	0	0.01	0	0.0000978	0	7.9159	0	7.5954	0
9275SoOcn	5	C	3/1/2015	09:20	356.568	-67.433		400.88	0	0.8713	0	34.7008	0	27.802	0	199.80	0	56.96	0	33.03	0	0.01	0	0.0000978	0	7.9135	0	7.5922	0
9275SoOcn	5	C	3/1/2015	09:20	356.568	-67.433		381.65	0	0.8745	0	34.6996	0	27.801	0	198.90	0	56.71	0	33.25	0	0.02	0	0.0000818	0	7.9109	0	7.5892	0
9275SoOcn	5	C	3/1/2015	09:20	356.568	-67.433		360.03	0	0.8937	0	34.6997	0	27.799	0	198.20	0	56.53	0	33.08	0	0.01	0	0.0000798	0	7.9118	0	7.5896	0
9275SoOcn	5	C	3/1/2015	09:20	356.568	-67.433		351.63	0	0.901	0	34.6997	0	27.799	0	198.10	0	56.52	0	33.19	0	0.01	0	0.0000828	0	7.9109	0	7.5886	0
9275SoOcn	5	C	3/1/2015	09:20	356.568	-67.433		341.64	0	0.9064	0	34.6997	0	27.798	0	197.90	0	56.47	0	33.27	0	0.02	0	0.0000848	0	7.9104	0	7.5880	0
9275SoOcn	5	C	3/1/2015	09:20	356.568	-67.433		331.46	0	0.884	0	34.6965	0	27.798	0	198.10	0	56.49	0	33.14	0	0.01	0	0.0000848	0	7.9095	0	7.5865	0
9275SoOcn	5	C	3/1/2015	09:20	356.568	-67.433		321.64	0	0.8692	0	34.6944	0	27.797	0	198.60	0	56.61	0	33.34	0	0.01	0	0.0000828	0	7.9104	0	7.5867	0
9275SoOcn	5	C	3/1/2015	09:20	356.568	-67.433		311	0	0.9012	0	34.6954	0	27.795	0	198.20	0	56.54	0	33.34	0	0.01	0	0.0000848	0	7.9101	0	7.5865	0
9275SoOcn	5	C	3/1/2015	09:20	356.568	-67.433		301.31	0	0.9144	0	34.6965	0	27.795	0	197.80	0	56.45	0	33.15	0	0	0	0.0000928	0	7.9096	0	7.5860	0
9275SoOcn	5	C	3/1/2015	09:20	356.568	-67.433		290.98	0	0.9343	0	34.6965	0	27.794	0	197.30	0	56.34	0	33.33	0	0.01	0	0.0000928	0	7.9081	0	7.5845	0
9275SoOcn	5	C	3/1/2015	09:20	356.568	-67.433		281.08	0	0.9445	0	34.6969	0	27.793	0	196.80	0	56.21	0	33.45	0	0.01	0	0.0000958	0	7.9078	0	7.5840	0
9275SoOcn	5	C	3/1/2015	09:20	356.568	-67.433		271.04	0	0.9397	0	34.6949	0	27.792	0	196.80	0	56.20	0	33.29	0	0.01	0	0.0000948	0	7.9069	0	7.5828	0
9275SoOcn	5	C	3/1/2015	09:20	356.568	-67.433		261.47	0	0.9332	0	34.6929	0	27.791	0	196.80	0	56.19	0	33.54	0	0.02	0	0.0000988	0	7.9075	0	7.5830	0
9275SoOcn	5	C	3/1/2015	09:20	356.568	-67.433		251.14	0	0.9424	0	34.6935	0	27.79	0	196.60	0	56.15	0	33.44	0	0.01	0	0.0001088	0	7.9072	0	7.5825	0
9275SoOcn	5	C	3/1/2015	09:20	356.568	-67.433		241.69	0	0.9418	0	34.6919	0	27.789	0	196.60	0	56.15	0	33.27	0	0.03	0	0.0000978	0	7.9064	0	7.5815	0
9275SoOcn	5	C	3/1/2015	09:20	356.568	-67.433		231.03	0	0.9066	0	34.6877	0	27.789	0	197.10	0	56.24	0	33.42	0	0.02	0	0.0001638	0	7.9073	0	7.5815	0
9275SoOcn	5	C	3/1/2015	09:20	356.568	-67.433		221.71	0	0.9406	0	34.6894	0	27.787	0	196.50	0	56.11	0	33.46	0	0.01	0	0.0001028	0	7.9056	0	7.5801	0
9275SoOcn	5	C	3/1/2015	09:20	356.568	-67.433		211.61	0	0.9139	0	34.686	0	27.787	0	196.30	0	56.02	0	33.45	0	0.02	0	0.0000988	0	7.9057	0	7.5794	0
9275SoOcn	5	C	3/1/2015	09:20	356.568	-67.433		201.24	0	0.9712	0	34.6891	0	27.785	0	195.50	0	55.87	0	33.36	0	0.01	0	0.0000988	0	7.9061	0	7.5802	0
9275SoOcn	5	C	3/1/2015	09:20	356.568	-67.433		191.13	0	0.9098	0	34.6813	0	27.783	0	196.20	0	55.98	0	33.51	0	0.03	0	0.0001188	0	7.9063	0	7.5792	0
9275SoOcn	5	C	3/1/2015	09:20	356.568	-67.433		181.28	0	0.9115	0	34.6805	0	27.782	0	197.00	0	56.21	0	33.54	0	0.02	0	0.0001198	0	7.9065	0	7.5791	0
9275SoOcn	5	C	3/1/2015	09:20	356.568	-67.433		170.73	0	1.0042	0	34.6856	0	27.779	0	194.80	0	55.72	0	33.67	0	0.02	0	0.0001028	0	7.9024	0	7.5763	0
9275SoOcn	5	C	3/1/2015	09:20	356.568	-67.433		161.25	0	1.0114	0	34.6852	0	27.778	0	193.90	0	55.47	0	33.62	0	0.03	0	0.0000988	0	7.9025	0	7.5762	0
9275SoOcn	5	C	3/1/2015	09:20	356.568	-67.433		151.05	0	0.9841	0	34.68	0	27.776	0	193.90	0	55.43	0	33.71	0	0.05	0	0.0000948	0	7.9019	0	7.5749	0
9275SoOcn	5	C	3/1/2015	09:20	356.568	-67.433		141.09	0	1.019	0	34.6807	0	27.774	0	193.40	0	55.34	0	33.80	0	0.05	0	0.0000948	0	7.8997	0	7.5730	0
9275SoOcn	5	C	3/1/2015	09:20	356.568	-67.433		130.97	0	1.0172	0	34.6785	0	27.772	0	193.10	0	55.25	0	33.66	0	0.06	0	0.0000878	0	7.8992	0	7.5722	0
9275SoOcn	5	C	3/1/2015	09:20	356.568	-67.433		121.22	0	0.9769	0	34.6722	0	27.77	0	193.40	0	55.27	0	33.94	0	0.12	0	0.0000928	0	7.8978	0	7.5700	0
9275SoOcn	5	C	3/1/2015	09:20	356.568	-67.433		111.49	0	0.9125	0	34.6623	0	27.768	0	194.00	0	55.35	0	33.79	0	0.16	0	0.0000928	0	7.8993	0	7.5703	0
9275SoOcn	5	C	3/1/2015	09:20	356.568	-67.433		101.72	0	0.7732	0	34.6495	0	27.768	0	197.20	0	56.06	0	33.88	0	0.25	0	0.0001028	0	7.9002	0	7.5689	0
9275SoOcn	5	C	3/1/2015	09:20	356.568	-67.433		95.32	0	0.7989	0	34.65	0	27.767	0	197.00	0	56.04	0	33.89	0	0.31	0	0.0001138	0	7.8985	0	7.5675	0
9275SoOcn	5	C	3/1/2015	09:20	356.568	-67.433		88.99	0	0.6566	0	34.6342	0	27.765	0	197.60	0	55.99	0	33.31	0	0.34	0	0.0001058	0	7.9167	0	7.5820	0
9275SoOcn	5	C	3/1/2015	09:20	356.568	-67.433		82.89	0	-0.3083	0	34.5366	0	27.757	0	219.30	0	60.55	0	32.29	0	0.44	0	0.0001038	0	7.9335	0	7.5840	0
9275SoOcn	5	C	3/1/2015	09:20	356.568	-67.433		77.32	0	-0.8055	0	34.4706	0	27.737	0	240.40	0	65.47	0	31.97	0	0.47	0	0.0001108	0	7.9545	0	7.5964	0
9275SoOcn	5	C	3/1/2015	09:20	356.568	-67.433		72.68	0	-1.2468	0	34.4324	0	27.734	0	256.20	0	68.93	0	31.73	0	0.76	0	0.0001388	0	7.9663	0	7.6011	0
9275SoOcn	5	C	3/1/2015	09:20	356.568	-67.433		68.69	0	-1.4287	0	34.4032	0	27.722	0	264.00	0	70.67	0	31.47	0	0.75	0	0.0001458	0	7.9741	0	7.6057	0
9275SoOcn	5	C	3/1/2015	09:20	356.568	-67.433		65.24	0	-1.5333	0	34.3831	0	27.712	0	269.00	0	71.80	0	31.55	0	0.79	0	0.0001348	0	7.9768	0	7.6067	0
9275SoOcn	5	C	3/1/2015	09:20	356.568	-67.433		61.73	0	-1.5782	0	34.3711	0	27.705	0	272.40	0	72.61	0	31.40	0	0.81	0	0.0001428	0	7.9789	0	7.6079	0
9275SoOcn	5	C	3/1/2015	09:20	356.568	-67.433		56.85	0	-1.7096	0	34.3371	0	27.685	0	277.30	0	73.63	0	31.08	0	0.87	0	0.0001468	0	7.9860	0	7.6124	0
9275SoOcn	5	C	3/1/2015	09:20	356.568	-67.433		51.74	0	-1.6148	0	34.3043	0	27.653	0	280.20	0	74.58	0	31.03	0	1.03	0	0.0001648	0	7.9921	0	7.6192	0
9275SoOcn	5	C	3/1/2015	09:20	356.568	-67.433		46.38	0	-1.5249	0	34.2539	0	27.607	0	283.40	0	75.59	0	28.25	0	1.38	0	0.0002128	0	8.0732	0	7.6945	0
9275SoOcn	5	C	3/1/2015	09:20	356.568	-67.433		41.78	0	-0.1513	0	33.84	0	27.184	0	335.80	0	92.65	0	25.95	0	1.41	0	0.0002518	0	8.0636	0	7.7041	0
9275SoOcn	5	C	3/1/2015	09:20	356.568	-67.433		36.6	0	-0.1531	0	33.84	0	27.184	0	338.00	0	93.25	0	25.50	0	1.38	0	0.0002578	0	8.0656	0	7.7057	0
9275SoOcn	5	C	3/1/2015	09:20	356.568	-67.433		31.07	0	-0.1497	0	33.839	0	27.183	0	338.80	0	93.48	0	25.43	0	1.26	0	0.0002318	0	8.0672	0	7.7071	0
9275SoOcn	5	C	3/1/2015	09:20	356.568	-67.433		24.74	0	-0.1485	0	33.8381	0	27.182	0	339.30	0	93.62	0	25.49	0	1.2	0	0.0002448	0	8.0681	0	7.7077	0
9275SoOcn	5	C	3/1/2015	09:20	356.568	-67.433		18.24	0	-0.1491	0	33.8384	0	27.182	0	339.80	0	93.76	0	25.43	0	1.18	0	0.0002738	0	8.0692	0	7.7085	0
9275SoOcn	5	C	3/1/2015	09:20	356.568	-67.433		11.31	0	-0.1495	0	33.8387	0	27.183	0	340.10	0	93.84	0	25.49	0	1.13	0	0.0002448	0	8.0696	0	7.7087	0
9275SoOcn	5	C	3/1/2015	09:20	356.568	-67.433		6.06	0	-0.1505	0	33.8377	0	27.182	0	340.50	0	93.95	0	25.48	0	0.95	0	0.0002398	0	8.0690	0	7.7079	0
9275SoOcn	5	C	3/1/2015	09:20	356.568	-67.433																							
9275SoOcn	6	C	3/11/2015	18:23	356.067	-67.548		1799.35	0	0.1237	0	34.6731	0	27.837	0	218.80	0	61.16	0	32.92	0	0	0	0.0000628	0	7.8719	0	7.5897	0
9275SoOcn	6	C	3/11/2015	18:23	356.067	-67.548		1699.04	0	0.1591	0	34.6746	0	27.836	0	217.00	0	60.71	0	33.12	0	0.01	0	0.0000658	0	7.8809	0	7.5952	0
9275SoOcn	6	C	3/11/2015	18:23	356.067	-67.548		1599.56	0	0.1969	0	34.6761	0	27.834	0	215.30	0	60.30	0	33.28	0	0.02	0	0.0000658	0	7.8820	0	7.5934	0
9275SoOcn	6	C	3/11/2015	18:23	356.067	-67.548		1498.49	0	0.2347	0	34.6783	0	27.833	0	213.30	0	59.80	0	33.11	0	0	0	0.0000668	0	7.8836	0	7.5921	0
9275SoOcn	6	C	3/11/2015	18:23	356.067	-67.548		1399.58	0	0.2741	0	34.6801	0	27.831	0	212.50	0	59.64	0	33.12	0	0	0	0.0000638	0	7.8924	0	7.5974	0
9275SoOcn	6	C	3/11/2015	18:23	356.067	-67.548		1299.23	0	0.3156	0	34.6817	0	27.83	0	210.80	0	59.22	0	33.28	0	0.01	0	0.0000688	0	7.8959	0	7.5979	0
9275SoOcn	6	C	3/11/2015	18:23	356.067	-67.548		1199.41	0	0.3661	0	34.6844	0	27.828	0	209.40	0	58.91	0	33.11	0	0	0	0.0000658	0	7.9008	0	7.5998	0
9275SoOcn	6	C	3/11/2015	18:23	356.067	-67.548		1099.38	0	0.4169	0	34.6865	0	27.826	0	207.80	0	58.54	0	33.21	0	0.01	0	0.0000708	0	7.9015	0	7.5978	0
9275SoOcn	6	C	3/11/2015	18:23	356.067	-67.548		998.92	0	0.468	0	34.6888	0	27.824	0	204.70	0	57.74	0	33.34	0	0.02	0	0.0000718	0	7.8997	0	7.5936	0
9275SoOcn	6	C	3/11/2015	18:23	356.067	-67.548		951.35	0	0.4884	0	34.69	0	27.823	0	204.20	0	57.63	0	33.08	0	0	0	0.0000718	0	7.8997	0	7.5923	0
9275SoOcn	6	C	3/11/2015	18:23	356.067	-67.548		900.97	0	0.5151	0	34.6906	0	27.822	0	203.70	0	57.53	0	33.22	0	0	0	0.0000688	0	7.8997	0	7.5910	0
9275SoOcn	6	C	3/11/2015	18:23	356.067	-67.548		851.32	0	0.5408	0	34.6916	0	27.821	0	203.00	0	57.37	0	33.37	0	0.01	0	0.0000688	0	7.9004	0	7.5904	0
9275SoOcn	6	C	3/11/2015	18:23	356.067	-67.548		801.63	0	0.5661	0	34.6924	0	27.819	0	202.60	0	57.30	0	33.40	0	0.01	0	0.0000718	0	7.9022	0	7.5907	0
9275SoOcn	6	C	3/11/2015	18:23	356.067	-67.548		751.16	0	0.5868	0	34.6932	0	27.818	0	202.20	0	57.22	0	33.18	0	0	0	0.0000708	0	7.9027	0	7.5898	0
9275SoOcn	6	C	3/11/2015	18:23	356.067	-67.548		700.62	0	0.6115	0	34.6939	0	27.817	0	201.90	0	57.17	0	33.19	0	0.01	0	0.0000668	0	7.9056	0	7.5911	0
9275SoOcn	6	C	3/11/2015	18:23	356.067	-67.548		650.67	0	0.6451	0	34.6945	0	27.815	0	201.70	0	57.16	0	33.02	0	0	0	0.0000738	0	7.9096	0	7.5936	0
9275SoOcn	6	C	3/11/2015	18:23	356.067	-67.548		601.35	0	0.6879	0	34.6962	0	27.813	0	201.30	0	57.11	0	33.07	0	0.01	0	0.0000718	0	7.9092	0	7.5922	0
9275SoOcn	6	C	3/11/2015	18:23	356.067	-67.548		551.23	0	0.7084	0	34.6959	0	27.811	0	200.90	0	57.03	0	33.00	0	0.01	0	0.0000748	0	7.9096	0	7.5912	0
9275SoOcn	6	C	3/11/2015	18:23	356.067	-67.548		501.49	0	0.7379	0	34.6962	0	27.809	0	200.60	0	56.99	0	32.90	0	0.01	0	0.0000988	0	7.9103	0	7.5906	0
9275SoOcn	6	C	3/11/2015	18:23	356.067	-67.548		450.98	0	0.778	0	34.6977	0	27.807	0	201.20	0	57.22	0	32.75	0	0.01	0	0.0000768	0	7.9156	0	7.5944	0
9275SoOcn	6	C	3/11/2015	18:23	356.067	-67.548		401.36	0	0.8151	0	34.6982	0	27.805	0	200.60	0	57.10	0	32.87	0	0.03	0	0.0000828	0	7.9158	0	7.5934	0
9275SoOcn	6	C	3/11/2015	18:23	356.067	-67.548		381.27	0	0.8396	0	34.699	0	27.803	0	200.50	0	57.11	0	32.89	0	0.01	0	0.0000848	0	7.9165	0	7.5937	0
9275SoOcn	6	C	3/11/2015	18:23	356.067	-67.548		361.7	0	0.8483	0	34.6981	0	27.802	0	200.20	0	57.04	0	32.68	0	0.01	0	0.0000848	0	7.9148	0	7.5916	0
9275SoOcn	6	C	3/11/2015	18:23	356.067	-67.548		351.59	0	0.8612	0	34.6982	0	27.801	0	200.00	0	57.00	0	32.70	0	0.01	0	0.0000798	0	7.9165	0	7.5931	0
9275SoOcn	6	C	3/11/2015	18:23	356.067	-67.548		341.4	0	0.8569	0	34.6981	0	27.801	0	199.90	0	56.96	0	32.94	0	0.02	0	0.0000818	0	7.9162	0	7.5924	0
9275SoOcn	6	C	3/11/2015	18:23	356.067	-67.548		330.72	0	0.877	0	34.6989	0	27.8	0	199.80	0	56.97	0	32.80	0	0.01	0	0.0000828	0	7.9150	0	7.5912	0
9275SoOcn	6	C	3/11/2015	18:23	356.067	-67.548		321.35	0	0.8759	0	34.698	0	27.799	0	199.70	0	56.94	0	32.79	0	0.01	0	0.0000788	0	7.9143	0	7.5903	0
9275SoOcn	6	C	3/11/2015	18:23	356.067	-67.548		310.78	0	0.8806	0	34.6978	0	27.799	0	199.50	0	56.89	0	32.92	0	0.01	0	0.0000898	0	7.9154	0	7.5910	0
9275SoOcn	6	C	3/11/2015	18:23	356.067	-67.548		301.58	0	0.8967	0	34.6975	0	27.797	0	199.40	0	56.88	0	32.88	0	0.01	0	0.0000848	0	7.9154	0	7.5909	0
9275SoOcn	6	C	3/11/2015	18:23	356.067	-67.548		291.56	0	0.8863	0	34.6968	0	27.798	0	199.30	0	56.84	0	32.87	0	0.01	0	0.0001008	0	7.9151	0	7.5902	0
9275SoOcn	6	C	3/11/2015	18:23	356.067	-67.548		281.5	0	0.9017	0	34.6969	0	27.797	0	199.20	0	56.83	0	32.80	0	0.02	0	0.0000958	0	7.9136	0	7.5887	0
9275SoOcn	6	C	3/11/2015	18:23	356.067	-67.548		270.91	0	0.8842	0	34.6942	0	27.796	0	199.10	0	56.78	0	32.79	0	0.01	0	0.0001058	0	7.9131	0	7.5876	0
9275SoOcn	6	C	3/11/2015	18:23	356.067	-67.548		261.53	0	0.886	0	34.6937	0	27.795	0	199.20	0	56.81	0	32.86	0	0.01	0	0.0000928	0	7.9134	0	7.5876	0
9275SoOcn	6	C	3/11/2015	18:23	356.067	-67.548		251.1	0	0.9054	0	34.695	0	27.795	0	198.60	0	56.66	0	32.88	0	0.01	0	0.0001148	0	7.9127	0	7.5869	0
9275SoOcn	6	C	3/11/2015	18:23	356.067	-67.548		241.09	0	0.8912	0	34.6926	0	27.794	0	198.60	0	56.64	0	33.00	0	0.01	0	0.0001038	0	7.9115	0	7.5852	0
9275SoOcn	6	C	3/11/2015	18:23	356.067	-67.548		231.34	0	0.9289	0	34.6944	0	27.792	0	197.90	0	56.50	0	32.92	0	0.01	0	0.0001138	0	7.9108	0	7.5848	0
9275SoOcn	6	C	3/11/2015	18:23	356.067	-67.548		221.7	0	0.9396	0	34.6952	0	27.792	0	197.20	0	56.31	0	33.10	0	0.01	0	0.0001188	0	7.9107	0	7.5845	0
9275SoOcn	6	C	3/11/2015	18:23	356.067	-67.548		211.14	0	0.9373	0	34.694	0	27.791	0	197.00	0	56.25	0	32.99	0	0.02	0	0.0001228	0	7.9096	0	7.5832	0
9275SoOcn	6	C	3/11/2015	18:23	356.067	-67.548		199.99	0	0.9038	0	34.6902	0	27.791	0	197.40	0	56.32	0	33.07	0	0.02	0	0.0001138	0	7.9080	0	7.5809	0
9275SoOcn	6	C	3/11/2015	18:23	356.067	-67.548		191.19	0	0.867	0	34.686	0	27.79	0	197.90	0	56.41	0	33.06	0	0.02	0	0.0001108	0	7.9100	0	7.5819	0
9275SoOcn	6	C	3/11/2015	18:23	356.067	-67.548		180.88	0	0.8754	0	34.6865	0	27.79	0	198.00	0	56.45	0	32.95	0	0.02	0	0.0001118	0	7.9105	0	7.5821	0
9275SoOcn	6	C	3/11/2015	18:23	356.067	-67.548		171.58	0	0.8425	0	34.6817	0	27.789	0	199.30	0	56.77	0	32.90	0	0.02	0	0.0001108	0	7.9107	0	7.5816	0
9275SoOcn	6	C	3/11/2015	18:23	356.067	-67.548		161.73	0	0.8395	0	34.6807	0	27.788	0	199.30	0	56.76	0	32.98	0	0.02	0	0.0000958	0	7.9112	0	7.5816	0
9275SoOcn	6	C	3/11/2015	18:23	356.067	-67.548		151.27	0	0.7616	0	34.6718	0	27.787	0	201.00	0	57.13	0	32.99	0	0.05	0	0.0000948	0	7.9121	0	7.5811	0
9275SoOcn	6	C	3/11/2015	18:23	356.067	-67.548		140.81	0	0.6888	0	34.665	0	27.788	0	203.40	0	57.70	0	33.04	0	0.06	0	0.0000878	0	7.9132	0	7.5808	0
9275SoOcn	6	C	3/11/2015	18:23	356.067	-67.548		131.67	0	0.5005	0	34.6434	0	27.785	0	207.30	0	58.51	0	33.18	0	0.22	0	0.0001998	0	7.9162	0	7.5807	0
9275SoOcn	6	C	3/11/2015	18:23	356.067	-67.548		121.62	0	0.3287	0	34.6287	0	27.786	0	211.90	0	59.53	0	32.62	0	0.17	0	0.0000908	0	7.9273	0	7.5882	0
9275SoOcn	6	C	3/11/2015	18:23	356.067	-67.548		111.65	0	-0.1087	0	34.5799	0	27.778	0	228.60	0	63.47	0	32.09	0	0.29	0	0.0000988	0	7.9415	0	7.5949	0
9275SoOcn	6	C	3/11/2015	18:23	356.067	-67.548		101.75	0	-0.4606	0	34.5331	0	27.765	0	242.40	0	66.65	0	32.29	0	0.41	0	0.0001068	0	7.9443	0	7.5924	0
9275SoOcn	6	C	3/11/2015	18:23	356.067	-67.548		96.17	0	-0.575	0	34.5169	0	27.76	0	245.60	0	67.32	0	32.34	0	0.41	0	0.0001118	0	7.9488	0	7.5948	0
9275SoOcn	6	C	3/11/2015	18:23	356.067	-67.548		90.54	0	-0.7036	0	34.4956	0	27.751	0	249.00	0	68.01	0	31.81	0	0.5	0	0.0001138	0	7.9561	0	7.5996	0
9275SoOcn	6	C	3/11/2015	18:23	356.067	-67.548		85.61	0	-0.9344	0	34.4652	0	27.741	0	254.90	0	69.18	0	31.53	0	0.67	0	0.0001218	0	7.9690	0	7.6081	0
9275SoOcn	6	C	3/11/2015	18:23	356.067	-67.548		81.17	0	-1.4669	0	34.4302	0	27.746	0	267.70	0	71.60	0	30.58	0	0.91	0	0.0001408	0	7.9711	0	7.6027	0
9275SoOcn	6	C	3/11/2015	18:23	356.067	-67.548		76.59	0	-1.53	0	34.407	0	27.731	0	280.40	0	74.86	0	30.56	0	1.01	0	0.0001588	0	7.9746	0	7.6049	0
9275SoOcn	6	C	3/11/2015	18:23	356.067	-67.548		71.76	0	-1.55	0	34.3904	0	27.719	0	286.40	0	76.41	0	30.46	0	1.11	0	0.0001678	0	7.9795	0	7.6090	0
9275SoOcn	6	C	3/11/2015	18:23	356.067	-67.548		66.72	0	-1.5603	0	34.3715	0	27.704	0	288.20	0	76.86	0	30.35	0	1.28	0	0.0001748	0	7.9834	0	7.6123	0
9275SoOcn	6	C	3/11/2015	18:23	356.067	-67.548		61.56	0	-1.5877	0	34.3495	0	27.688	0	288.50	0	76.87	0	30.29	0	1.36	0	0.0002078	0	7.9925	0	7.6201	0
9275SoOcn	6	C	3/11/2015	18:23	356.067	-67.548		56.52	0	-1.5875	0	34.3339	0	27.675	0	289.60	0	77.15	0	30.35	0	1.31	0	0.0001798	0	8.0028	0	7.6293	0
9275SoOcn	6	C	3/11/2015	18:23	356.067	-67.548		51.81	0	-1.605	0	34.3136	0	27.66	0	290.10	0	77.24	0	30.29	0	1.59	0	0.0002238	0	8.0039	0	7.6299	0
9275SoOcn	6	C	3/11/2015	18:23	356.067	-67.548		46.84	0	-1.481	0	34.2727	0	27.62	0	289.80	0	77.40	0	29.90	0	1.59	0	0.0004558	0	8.0142	0	7.6409	0
9275SoOcn	6	C	3/11/2015	18:23	356.067	-67.548		41.55	0	-1.182	0	34.1816	0	27.529	0	297.30	0	79.99	0	28.61	0	1.48	0	0.0002278	0	8.0339	0	7.6628	0
9275SoOcn	6	C	3/11/2015	18:23	356.067	-67.548		36.86	0	-0.3399	0	33.9229	0	27.264	0	331.50	0	91.06	0	27.44	0	1.2	0	0.0002558	0	8.0449	0	7.6841	0
9275SoOcn	6	C	3/11/2015	18:23	356.067	-67.548		31.49	0	-0.2577	0	33.8772	0	27.222	0	338.80	0	93.24	0	25.18	0	1.07	0	0.0002318	0	8.0637	0	7.7023	0
9275SoOcn	6	C	3/11/2015	18:23	356.067	-67.548		26.8	0	-0.2691	0	33.8754	0	27.221	0	341.50	0	93.95	0	25.36	0	1	0	0.0002398	0	8.0630	0	7.7013	0
9275SoOcn	6	C	3/11/2015	18:23	356.067	-67.548		21.62	0	-0.2667	0	33.8759	0	27.221	0	342.80	0	94.32	0	25.32	0	1.03	0	0.0002358	0	8.0643	0	7.7024	0
9275SoOcn	6	C	3/11/2015	18:23	356.067	-67.548		16.86	0	-0.2856	0	33.8742	0	27.221	0	343.70	0	94.52	0	25.47	0	0.99	0	0.0002438	0	8.0653	0	7.7028	0
9275SoOcn	6	C	3/11/2015	18:23	356.067	-67.548		11.53	0	-0.2823	0	33.8738	0	27.221	0	344.30	0	94.69	0	25.50	0	0.9	0	0.0002478	0	8.0664	0	7.7037	0
9275SoOcn	6	C	3/11/2015	18:23	356.067	-67.548		7.73	0	-0.2779	0	33.875	0	27.221	0	344.50	0	94.76	0	25.50	0	1.01	0	0.0002478	0	8.0656	0	7.7029	0
9275SoOcn	6	C	3/11/2015	18:23	356.067	-67.548																							
9275SoOcn	 7	C	03/22/2015	01:10	355.625	-67.708		  1798.93	0	  0.1344	0	34.6734	0	27.836	0	218.30	0	61.04	0	32.88	0	0.01	0	0.0000638	0	7.8800	0	7.5971	0
9275SoOcn	 7	C	03/22/2015	01:10	355.625	-67.708		  1699.22	0	  0.1690	0	34.6749	0	27.835	0	216.40	0	60.56	0	33.07	0	0.01	0	0.0000788	0	7.8807	0	7.5950	0
9275SoOcn	 7	C	03/22/2015	01:10	355.625	-67.708		  1599.50	0	  0.2083	0	34.6767	0	27.834	0	214.70	0	60.15	0	33.18	0	0	0	0.0000658	0	7.8818	0	7.5932	0
9275SoOcn	 7	C	03/22/2015	01:10	355.625	-67.708		  1498.58	0	  0.2512	0	34.6791	0	27.832	0	212.80	0	59.68	0	33.14	0	0.02	0	0.0000708	0	7.8872	0	7.5955	0
9275SoOcn	 7	C	03/22/2015	01:10	355.625	-67.708		  1399.29	0	  0.2922	0	34.6809	0	27.831	0	212.30	0	59.61	0	33.08	0	0.01	0	0.0000688	0	7.8899	0	7.5952	0
9275SoOcn	 7	C	03/22/2015	01:10	355.625	-67.708		  1299.37	0	  0.3338	0	34.6826	0	27.829	0	210.50	0	59.17	0	33.06	0	0.01	0	0.0000748	0	7.8930	0	7.5953	0
9275SoOcn	 7	C	03/22/2015	01:10	355.625	-67.708		  1199.35	0	  0.3808	0	34.6845	0	27.827	0	208.80	0	58.76	0	33.01	0	0.01	0	0.0000668	0	7.8939	0	7.5935	0
9275SoOcn	 7	C	03/22/2015	01:10	355.625	-67.708		  1099.69	0	  0.4231	0	34.6869	0	27.826	0	207.30	0	58.41	0	33.11	0	0.01	0	0.0000688	0	7.8971	0	7.5937	0
9275SoOcn	 7	C	03/22/2015	01:10	355.625	-67.708		   999.31	0	  0.4735	0	34.6888	0	27.824	0	204.90	0	57.81	0	33.17	0	0.01	0	0.0000788	0	7.8950	0	7.5892	0
9275SoOcn	 7	C	03/22/2015	01:10	355.625	-67.708		   951.69	0	  0.4980	0	34.6900	0	27.823	0	204.60	0	57.76	0	33.18	0	0.01	0	0.0000688	0	7.8911	0	7.5844	0
9275SoOcn	 7	C	03/22/2015	01:10	355.625	-67.708		   901.03	0	  0.5239	0	34.6909	0	27.821	0	203.70	0	57.55	0	33.09	0	0	0	0.0000978	0	7.8906	0	7.5826	0
9275SoOcn	 7	C	03/22/2015	01:10	355.625	-67.708		   851.71	0	  0.5454	0	34.6919	0	27.821	0	203.10	0	57.41	0	32.99	0	0.01	0	0.0000708	0	7.8932	0	7.5836	0
9275SoOcn	 7	C	03/22/2015	01:10	355.625	-67.708		   801.33	0	  0.5785	0	34.6926	0	27.819	0	202.20	0	57.20	0	33.10	0	0.01	0	0.0000768	0	7.8944	0	7.5836	0
9275SoOcn	 7	C	03/22/2015	01:10	355.625	-67.708		   751.37	0	  0.6050	0	34.6941	0	27.818	0	202.00	0	57.19	0	33.08	0	0.01	0	0.0000748	0	7.8970	0	7.5847	0
9275SoOcn	 7	C	03/22/2015	01:10	355.625	-67.708		   701.50	0	  0.6374	0	34.6947	0	27.816	0	201.70	0	57.15	0	32.96	0	0	0	0.0000718	0	7.8993	0	7.5856	0
9275SoOcn	 7	C	03/22/2015	01:10	355.625	-67.708		   650.71	0	  0.6725	0	34.6962	0	27.814	0	201.30	0	57.09	0	32.91	0	0.02	0	0.0000748	0	7.9000	0	7.5850	0
9275SoOcn	 7	C	03/22/2015	01:10	355.625	-67.708		   601.59	0	  0.7001	0	34.6963	0	27.812	0	200.80	0	56.99	0	32.94	0	0.01	0	0.0000738	0	7.9002	0	7.5840	0
9275SoOcn	 7	C	03/22/2015	01:10	355.625	-67.708		   551.42	0	  0.7244	0	34.6966	0	27.81	0	200.90	0	57.05	0	32.85	0	0.01	0	0.0000718	0	7.9048	0	7.5868	0
9275SoOcn	 7	C	03/22/2015	01:10	355.625	-67.708		   501.53	0	  0.7605	0	34.6964	0	27.807	0	200.80	0	57.08	0	32.73	0	0	0	0.0000738	0	7.9051	0	7.5861	0
9275SoOcn	 7	C	03/22/2015	01:10	355.625	-67.708		   451.60	0	  0.7998	0	34.6970	0	27.805	0	200.50	0	57.05	0	32.83	0	0.02	0	0.0000798	0	7.9068	0	7.5865	0
9275SoOcn	 7	C	03/22/2015	01:10	355.625	-67.708		   401.24	0	  0.8517	0	34.6980	0	27.801	0	199.70	0	56.90	0	32.64	0	0.01	0	0.0000818	0	7.9061	0	7.5849	0
9275SoOcn	 7	C	03/22/2015	01:10	355.625	-67.708		   379.43	0	  0.8715	0	34.6980	0	27.8	0	199.40	0	56.84	0	32.62	0	0.01	0	0.0000818	0	7.9040	0	7.5825	0
9275SoOcn	 7	C	03/22/2015	01:10	355.625	-67.708		   361.38	0	  0.8572	0	34.6952	0	27.799	0	199.30	0	56.79	0	32.79	0	0.01	0	0.0000848	0	7.9046	0	7.5823	0
9275SoOcn	 7	C	03/22/2015	01:10	355.625	-67.708		   351.18	0	  0.8891	0	34.6971	0	27.798	0	198.70	0	56.67	0	32.92	0	0.01	0	0.0000848	0	7.9056	0	7.5833	0
9275SoOcn	 7	C	03/22/2015	01:10	355.625	-67.708		   341.39	0	  0.9074	0	34.6977	0	27.797	0	198.50	0	56.64	0	32.75	0	0.02	0	0.0000908	0	7.9035	0	7.5813	0
9275SoOcn	 7	C	03/22/2015	01:10	355.625	-67.708		   330.79	0	  0.9270	0	34.6983	0	27.796	0	198.30	0	56.61	0	32.77	0	0.01	0	0.0000908	0	7.9063	0	7.5837	0
9275SoOcn	 7	C	03/22/2015	01:10	355.625	-67.708		   321.28	0	  0.9548	0	34.6988	0	27.794	0	198.10	0	56.60	0	32.64	0	0.02	0	0.0000868	0	7.9072	0	7.5847	0
9275SoOcn	 7	C	03/22/2015	01:10	355.625	-67.708		   311.06	0	  0.9850	0	34.7004	0	27.793	0	197.60	0	56.50	0	32.69	0	0.02	0	0.0001618	0	7.9056	0	7.5833	0
9275SoOcn	 7	C	03/22/2015	01:10	355.625	-67.708		   300.92	0	  0.9915	0	34.7003	0	27.792	0	197.30	0	56.42	0	32.67	0	0.02	0	0.0000898	0	7.9059	0	7.5833	0
9275SoOcn	 7	C	03/22/2015	01:10	355.625	-67.708		   291.72	0	  0.9872	0	34.6990	0	27.791	0	197.10	0	56.36	0	32.89	0	0.02	0	0.0000978	0	7.9035	0	7.5807	0
9275SoOcn	 7	C	03/22/2015	01:10	355.625	-67.708		   280.99	0	  0.9736	0	34.6970	0	27.791	0	196.80	0	56.25	0	32.85	0	0.01	0	0.0001058	0	7.8994	0	7.5765	0
9275SoOcn	 7	C	03/22/2015	01:10	355.625	-67.708		   271.40	0	  0.9043	0	34.6888	0	27.79	0	197.40	0	56.32	0	33.03	0	0.01	0	0.0001008	0	7.8986	0	7.5745	0
9275SoOcn	 7	C	03/22/2015	01:10	355.625	-67.708		   261.47	0	  0.9191	0	34.6888	0	27.789	0	197.10	0	56.25	0	32.94	0	0.02	0	0.0001108	0	7.8985	0	7.5742	0
9275SoOcn	 7	C	03/22/2015	01:10	355.625	-67.708		   251.42	0	  0.8979	0	34.6869	0	27.789	0	197.20	0	56.25	0	33.01	0	0.02	0	0.0001108	0	7.8992	0	7.5742	0
9275SoOcn	 7	C	03/22/2015	01:10	355.625	-67.708		   241.57	0	  0.8634	0	34.6817	0	27.787	0	198.20	0	56.48	0	32.76	0	0.02	0	0.0001068	0	7.9001	0	7.5743	0
9275SoOcn	 7	C	03/22/2015	01:10	355.625	-67.708		   230.96	0	  0.8721	0	34.6818	0	27.787	0	198.30	0	56.52	0	33.00	0	0.03	0	0.0001108	0	7.8975	0	7.5717	0
9275SoOcn	 7	C	03/22/2015	01:10	355.625	-67.708		   221.61	0	  0.8478	0	34.6779	0	27.785	0	198.70	0	56.60	0	33.03	0	0.05	0	0.0000988	0	7.8969	0	7.5705	0
9275SoOcn	 7	C	03/22/2015	01:10	355.625	-67.708		   209.46	0	  0.8277	0	34.6793	0	27.788	0	197.90	0	56.35	0	33.14	0	0.04	0	0.0001148	0	7.8952	0	7.5683	0
9275SoOcn	 7	C	03/22/2015	01:10	355.625	-67.708		   199.94	0	  0.8308	0	34.6702	0	27.781	0	198.50	0	56.52	0	33.44	0	0.06	0	0.0001008	0	7.8941	0	7.5670	0
9275SoOcn	 7	C	03/22/2015	01:10	355.625	-67.708		   190.97	0	  0.9419	0	34.6752	0	27.776	0	196.10	0	56.00	0	33.29	0	0.05	0	0.0001088	0	7.8912	0	7.5655	0
9275SoOcn	 7	C	03/22/2015	01:10	355.625	-67.708		   180.65	0	  1.0070	0	34.6794	0	27.774	0	194.00	0	55.49	0	33.35	0	0.07	0	0.0001268	0	7.8917	0	7.5666	0
9275SoOcn	 7	C	03/22/2015	01:10	355.625	-67.708		   170.80	0	  0.9865	0	34.6760	0	27.773	0	193.80	0	55.40	0	33.26	0	0.08	0	0.0001038	0	7.8916	0	7.5658	0
9275SoOcn	 7	C	03/22/2015	01:10	355.625	-67.708		   161.07	0	  0.9274	0	34.6682	0	27.771	0	194.70	0	55.57	0	33.33	0	0.1	0	0.0000988	0	7.8918	0	7.5650	0
9275SoOcn	 7	C	03/22/2015	01:10	355.625	-67.708		   151.40	0	  0.8967	0	34.6619	0	27.769	0	195.50	0	55.75	0	33.38	0	0.13	0	0.0000948	0	7.8915	0	7.5639	0
9275SoOcn	 7	C	03/22/2015	01:10	355.625	-67.708		   141.21	0	  0.9897	0	34.6672	0	27.765	0	194.50	0	55.60	0	33.47	0	0.11	0	0.0000988	0	7.8906	0	7.5640	0
9275SoOcn	 7	C	03/22/2015	01:10	355.625	-67.708		   131.20	0	  1.0977	0	34.6715	0	27.76	0	192.90	0	55.30	0	33.47	0	0.06	0	0.0001058	0	7.8868	0	7.5617	0
9275SoOcn	 7	C	03/22/2015	01:10	355.625	-67.708		   121.15	0	  1.0942	0	34.6703	0	27.759	0	191.00	0	54.75	0	33.44	0	0.08	0	0.0000978	0	7.8839	0	7.5586	0
9275SoOcn	 7	C	03/22/2015	01:10	355.625	-67.708		   111.37	0	  1.0073	0	34.6596	0	27.758	0	191.70	0	54.83	0	33.60	0	0.1	0	0.0000948	0	7.8827	0	7.5560	0
9275SoOcn	 7	C	03/22/2015	01:10	355.625	-67.708		   101.32	0	  0.7044	0	34.6334	0	27.761	0	196.40	0	55.72	0	33.62	0	0.15	0	0.0001088	0	7.8888	0	7.5572	0
9275SoOcn	 7	C	03/22/2015	01:10	355.625	-67.708		    94.93	0	  0.5956	0	34.6102	0	27.75	0	201.10	0	56.89	0	33.66	0	0.12	0	0.0001038	0	7.8903	0	7.5569	0
9275SoOcn	 7	C	03/22/2015	01:10	355.625	-67.708		    89.11	0	  0.4214	0	34.5885	0	27.746	0	205.70	0	57.91	0	33.38	0	0.15	0	0.0001378	0	7.8981	0	7.5614	0
9275SoOcn	 7	C	03/22/2015	01:10	355.625	-67.708		    83.48	0	 -0.1040	0	34.5414	0	27.747	0	216.70	0	60.16	0	32.33	0	0.18	0	0.0001028	0	7.9182	0	7.5726	0
9275SoOcn	 7	C	03/22/2015	01:10	355.625	-67.708		    78.45	0	 -0.4759	0	34.4904	0	27.732	0	233.90	0	64.27	0	32.05	0	0.26	0	0.0001038	0	7.9258	0	7.5743	0
9275SoOcn	 7	C	03/22/2015	01:10	355.625	-67.708		    73.91	0	 -0.9468	0	34.4356	0	27.718	0	250.40	0	67.92	0	31.81	0	0.35	0	0.0001458	0	7.9451	0	7.5855	0
9275SoOcn	 7	C	03/22/2015	01:10	355.625	-67.708		    69.99	0	 -1.3087	0	34.3958	0	27.709	0	263.10	0	70.65	0	31.42	0	0.38	0	0.0001278	0	7.9470	0	7.5822	0
9275SoOcn	 7	C	03/22/2015	01:10	355.625	-67.708		    66.61	0	 -1.3531	0	34.3781	0	27.697	0	270.00	0	72.41	0	30.85	0	0.33	0	0.0001198	0	7.9527	0	7.5867	0
9275SoOcn	 7	C	03/22/2015	01:10	355.625	-67.708		    61.81	0	 -1.3662	0	34.3533	0	27.678	0	278.10	0	74.54	0	31.27	0	0.49	0	0.0001438	0	7.9568	0	7.5902	0
9275SoOcn	 7	C	03/22/2015	01:10	355.625	-67.708		    56.83	0	 -1.5565	0	34.3277	0	27.669	0	287.60	0	76.68	0	31.22	0	0.51	0	0.0001408	0	7.9572	0	7.5878	0
9275SoOcn	 7	C	03/22/2015	01:10	355.625	-67.708		    51.78	0	 -1.6280	0	34.3048	0	27.654	0	293.50	0	78.09	0	30.53	0	0.66	0	0.0001518	0	7.9639	0	7.5928	0
9275SoOcn	 7	C	03/22/2015	01:10	355.625	-67.708		    46.44	0	 -1.2446	0	34.1721	0	27.525	0	294.70	0	79.15	0	29.45	0	0.91	0	0.0001668	0	8.0218	0	7.6509	0
9275SoOcn	 7	C	03/22/2015	01:10	355.625	-67.708		    41.83	0	 -0.6328	0	33.9341	0	27.294	0	336.20	0	91.64	0	26.73	0	1.08	0	0.0002078	0	8.0405	0	7.6761	0
9275SoOcn	 7	C	03/22/2015	01:10	355.625	-67.708		    36.42	0	 -0.6310	0	33.9338	0	27.293	0	343.80	0	93.72	0	26.29	0	1.11	0	0.0002038	0	8.0447	0	7.6798	0
9275SoOcn	 7	C	03/22/2015	01:10	355.625	-67.708		    31.74	0	 -0.6325	0	33.9341	0	27.294	0	345.50	0	94.18	0	26.46	0	1.18	0	0.0002178	0	8.0427	0	7.6778	0
9275SoOcn	 7	C	03/22/2015	01:10	355.625	-67.708		    26.61	0	 -0.6322	0	33.9340	0	27.294	0	346.50	0	94.45	0	26.30	0	1.1	0	0.0002148	0	8.0447	0	7.6795	0
9275SoOcn	 7	C	03/22/2015	01:10	355.625	-67.708		    21.66	0	 -0.6326	0	33.9329	0	27.293	0	347.00	0	94.59	0	26.44	0	1.13	0	0.0002338	0	8.0451	0	7.6797	0
9275SoOcn	 7	C	03/22/2015	01:10	355.625	-67.708		    16.76	0	 -0.6365	0	33.9285	0	27.289	0	347.40	0	94.68	0	26.54	0	1.09	0	0.0002148	0	8.0467	0	7.6810	0
9275SoOcn	 7	C	03/22/2015	01:10	355.625	-67.708		    11.41	0	 -0.6413	0	33.9255	0	27.287	0	347.80	0	94.78	0	26.34	0	1.08	0	0.0002068	0	8.0471	0	7.6811	0
9275SoOcn	 7	C	03/22/2015	01:10	355.625	-67.708		     7.79	0	 -0.6454	0	33.9240	0	27.286	0	348.10	0	94.85	0	26.50	0	1.04	0	0.0001858	0	8.0461	0	7.6800	0
9275SoOcn	 7	C	03/22/2015	01:10	355.625	-67.708																					
9275SoOcn	 8	C	04/01/2015	08:15	354.83	-67.892		  1798.91	0	  0.1228	0	34.6729	0	27.837	0	218.60	0	61.10	0	32.71	0	0.01	0	0.0000628	0	7.8778	0	7.5948	0
9275SoOcn	 8	C	04/01/2015	08:15	354.83	-67.892		  1698.39	0	  0.1535	0	34.6745	0	27.836	0	217.10	0	60.73	0	32.78	0	0.01	0	0.0000668	0	7.8795	0	7.5935	0
9275SoOcn	 8	C	04/01/2015	08:15	354.83	-67.892		  1598.97	0	  0.1914	0	34.6763	0	27.835	0	214.80	0	60.15	0	32.92	0	0	0	0.0000658	0	7.8848	0	7.5956	0
9275SoOcn	 8	C	04/01/2015	08:15	354.83	-67.892		  1498.48	0	  0.2343	0	34.6781	0	27.833	0	213.40	0	59.83	0	32.99	0	0.01	0	0.0000668	0	7.8880	0	7.5958	0
9275SoOcn	 8	C	04/01/2015	08:15	354.83	-67.892		  1399.26	0	  0.2793	0	34.6799	0	27.831	0	212.30	0	59.59	0	33.08	0	0.01	0	0.0000668	0	7.8914	0	7.5963	0
9275SoOcn	 8	C	04/01/2015	08:15	354.83	-67.892		  1298.65	0	  0.3237	0	34.6828	0	27.83	0	209.30	0	58.82	0	33.10	0	0.01	0	0.0000718	0	7.8919	0	7.5941	0
9275SoOcn	 8	C	04/01/2015	08:15	354.83	-67.892		  1199.40	0	  0.3706	0	34.6843	0	27.828	0	208.40	0	58.64	0	33.06	0	0.01	0	0.0000688	0	7.8926	0	7.5920	0
9275SoOcn	 8	C	04/01/2015	08:15	354.83	-67.892		  1099.74	0	  0.4183	0	34.6869	0	27.826	0	207.30	0	58.40	0	32.99	0	0.01	0	0.0000708	0	7.8977	0	7.5940	0
9275SoOcn	 8	C	04/01/2015	08:15	354.83	-67.892		   998.39	0	  0.4669	0	34.6886	0	27.824	0	205.40	0	57.94	0	33.10	0	0.01	0	0.0000708	0	7.8993	0	7.5929	0
9275SoOcn	 8	C	04/01/2015	08:15	354.83	-67.892		   951.31	0	  0.4923	0	34.6894	0	27.823	0	204.70	0	57.78	0	33.07	0	0.01	0	0.0000668	0	7.8960	0	7.5886	0
9275SoOcn	 8	C	04/01/2015	08:15	354.83	-67.892		   900.96	0	  0.5118	0	34.6903	0	27.822	0	203.60	0	57.50	0	33.08	0	0.01	0	0.0000708	0	7.8957	0	7.5870	0
9275SoOcn	 8	C	04/01/2015	08:15	354.83	-67.892		   851.42	0	  0.5370	0	34.6910	0	27.82	0	202.80	0	57.31	0	33.26	0	0.02	0	0.0000738	0	7.8964	0	7.5864	0
9275SoOcn	 8	C	04/01/2015	08:15	354.83	-67.892		   800.91	0	  0.5717	0	34.6923	0	27.819	0	202.20	0	57.19	0	33.03	0	0.01	0	0.0000748	0	7.8973	0	7.5860	0
9275SoOcn	 8	C	04/01/2015	08:15	354.83	-67.892		   751.34	0	  0.5960	0	34.6934	0	27.818	0	201.90	0	57.14	0	32.99	0	0.01	0	0.0000718	0	7.9020	0	7.5890	0
9275SoOcn	 8	C	04/01/2015	08:15	354.83	-67.892		   699.01	0	  0.6220	0	34.6937	0	27.816	0	201.30	0	57.01	0	32.94	0	0	0	0.0000818	0	7.8999	0	7.5858	0
9275SoOcn	 8	C	04/01/2015	08:15	354.83	-67.892		   650.84	0	  0.6509	0	34.6946	0	27.815	0	201.60	0	57.14	0	32.78	0	0	0	0.0000738	0	7.9046	0	7.5888	0
9275SoOcn	 8	C	04/01/2015	08:15	354.83	-67.892		   600.91	0	  0.6747	0	34.6951	0	27.813	0	201.20	0	57.06	0	32.68	0	0.01	0	0.0000738	0	7.9044	0	7.5874	0
9275SoOcn	 8	C	04/01/2015	08:15	354.83	-67.892		   551.68	0	  0.7209	0	34.6970	0	27.811	0	200.80	0	57.02	0	32.74	0	0.01	0	0.0000738	0	7.9057	0	7.5875	0
9275SoOcn	 8	C	04/01/2015	08:15	354.83	-67.892		   501.00	0	  0.7625	0	34.6977	0	27.808	0	200.10	0	56.88	0	32.75	0	0.01	0	0.0000738	0	7.9073	0	7.5879	0
9275SoOcn	 8	C	04/01/2015	08:15	354.83	-67.892		   451.27	0	  0.7914	0	34.6975	0	27.806	0	199.40	0	56.73	0	32.58	0	0	0	0.0000748	0	7.9072	0	7.5865	0
9275SoOcn	 8	C	04/01/2015	08:15	354.83	-67.892		   400.87	0	  0.8347	0	34.6983	0	27.803	0	199.20	0	56.73	0	32.74	0	0.01	0	0.0000788	0	7.9087	0	7.5869	0
9275SoOcn	 8	C	04/01/2015	08:15	354.83	-67.892		   380.94	0	  0.8595	0	34.6993	0	27.802	0	199.10	0	56.74	0	32.59	0	0.02	0	0.0000788	0	7.9077	0	7.5857	0
9275SoOcn	 8	C	04/01/2015	08:15	354.83	-67.892		   360.51	0	  0.8476	0	34.6974	0	27.801	0	199.00	0	56.69	0	32.81	0	0.01	0	0.0000868	0	7.9080	0	7.5851	0
9275SoOcn	 8	C	04/01/2015	08:15	354.83	-67.892		   351.31	0	  0.8396	0	34.6956	0	27.8	0	199.20	0	56.74	0	32.59	0	0.01	0	0.0000828	0	7.9089	0	7.5855	0
9275SoOcn	 8	C	04/01/2015	08:15	354.83	-67.892		   341.07	0	  0.8569	0	34.6969	0	27.8	0	199.10	0	56.74	0	32.79	0	0.01	0	0.0001878	0	7.9080	0	7.5846	0
9275SoOcn	 8	C	04/01/2015	08:15	354.83	-67.892		   330.70	0	  0.8760	0	34.6967	0	27.798	0	198.80	0	56.68	0	32.62	0	0.02	0	0.0000818	0	7.9087	0	7.5851	0
9275SoOcn	 8	C	04/01/2015	08:15	354.83	-67.892		   320.84	0	  0.8893	0	34.6978	0	27.798	0	198.70	0	56.67	0	32.66	0	0.02	0	0.0000828	0	7.9077	0	7.5841	0
9275SoOcn	 8	C	04/01/2015	08:15	354.83	-67.892		   310.77	0	  0.9076	0	34.6983	0	27.797	0	198.30	0	56.58	0	32.59	0	0.02	0	0.0000878	0	7.9088	0	7.5850	0
9275SoOcn	 8	C	04/01/2015	08:15	354.83	-67.892		   301.14	0	  0.9147	0	34.6983	0	27.797	0	198.20	0	56.57	0	32.79	0	0.01	0	0.0000908	0	7.9086	0	7.5846	0
9275SoOcn	 8	C	04/01/2015	08:15	354.83	-67.892		   291.06	0	  0.9301	0	34.6987	0	27.796	0	198.20	0	56.59	0	32.64	0	0.01	0	0.0000928	0	7.9081	0	7.5840	0
9275SoOcn	 8	C	04/01/2015	08:15	354.83	-67.892		   281.29	0	  0.9248	0	34.6974	0	27.795	0	198.20	0	56.58	0	32.64	0	0.01	0	0.0000928	0	7.9074	0	7.5830	0
9275SoOcn	 8	C	04/01/2015	08:15	354.83	-67.892		   271.49	0	  0.9378	0	34.6975	0	27.794	0	197.90	0	56.51	0	32.77	0	0.02	0	0.0000898	0	7.9055	0	7.5811	0
9275SoOcn	 8	C	04/01/2015	08:15	354.83	-67.892		   261.27	0	  0.9179	0	34.6945	0	27.793	0	197.60	0	56.40	0	32.67	0	0.01	0	0.0001008	0	7.9055	0	7.5805	0
9275SoOcn	 8	C	04/01/2015	08:15	354.83	-67.892		   251.34	0	  0.9488	0	34.6969	0	27.793	0	197.20	0	56.33	0	32.71	0	0.01	0	0.0000978	0	7.9061	0	7.5811	0
9275SoOcn	 8	C	04/01/2015	08:15	354.83	-67.892		   241.33	0	  0.9611	0	34.6953	0	27.79	0	197.20	0	56.35	0	32.67	0	0.02	0	0.0001028	0	7.9067	0	7.5815	0
9275SoOcn	 8	C	04/01/2015	08:15	354.83	-67.892		   230.95	0	  0.9500	0	34.6944	0	27.791	0	196.90	0	56.24	0	32.62	0	0.03	0	0.0000978	0	7.9052	0	7.5796	0
9275SoOcn	 8	C	04/01/2015	08:15	354.83	-67.892		   221.61	0	  0.9844	0	34.6969	0	27.79	0	196.60	0	56.21	0	32.73	0	0.02	0	0.0000948	0	7.9054	0	7.5800	0
9275SoOcn	 8	C	04/01/2015	08:15	354.83	-67.892		   209.41	0	  0.9796	0	34.6961	0	27.79	0	196.40	0	56.14	0	32.84	0	0.02	0	0.0000948	0	7.9063	0	7.5804	0
9275SoOcn	 8	C	04/01/2015	08:15	354.83	-67.892		   201.50	0	  1.0018	0	34.6953	0	27.787	0	196.30	0	56.15	0	32.79	0	0.02	0	0.0000958	0	7.9056	0	7.5798	0
9275SoOcn	 8	C	04/01/2015	08:15	354.83	-67.892		   191.48	0	  0.9502	0	34.6930	0	27.789	0	196.60	0	56.16	0	32.80	0	0.02	0	0.0000928	0	7.9026	0	7.5759	0
9275SoOcn	 8	C	04/01/2015	08:15	354.83	-67.892		   181.38	0	  0.8649	0	34.6825	0	27.788	0	198.10	0	56.46	0	32.85	0	0.05	0	0.0001038	0	7.9045	0	7.5762	0
9275SoOcn	 8	C	04/01/2015	08:15	354.83	-67.892		   171.47	0	  0.7875	0	34.6743	0	27.787	0	199.70	0	56.80	0	32.96	0	0.05	0	0.0001028	0	7.9032	0	7.5736	0
9275SoOcn	 8	C	04/01/2015	08:15	354.83	-67.892		   160.70	0	  0.7668	0	34.6705	0	27.786	0	201.00	0	57.13	0	32.93	0	0.05	0	0.0000948	0	7.9057	0	7.5753	0
9275SoOcn	 8	C	04/01/2015	08:15	354.83	-67.892		   150.79	0	  0.8064	0	34.6728	0	27.785	0	200.50	0	57.05	0	33.01	0	0.05	0	0.0000898	0	7.9039	0	7.5739	0
9275SoOcn	 8	C	04/01/2015	08:15	354.83	-67.892		   141.18	0	  0.7079	0	34.6640	0	27.785	0	201.60	0	57.21	0	32.93	0	0.1	0	0.0000928	0	7.9060	0	7.5742	0
9275SoOcn	 8	C	04/01/2015	08:15	354.83	-67.892		   131.67	0	  0.5222	0	34.6473	0	27.786	0	206.00	0	58.17	0	32.79	0	0.13	0	0.0000948	0	7.9133	0	7.5781	0
9275SoOcn	 8	C	04/01/2015	08:15	354.83	-67.892		   121.08	0	  0.0277	0	34.5934	0	27.779	0	220.10	0	61.33	0	32.16	0	0.2	0	0.0001168	0	7.9281	0	7.5845	0
9275SoOcn	 8	C	04/01/2015	08:15	354.83	-67.892		   110.87	0	 -0.4471	0	34.5450	0	27.774	0	239.70	0	65.94	0	31.66	0	0.25	0	0.0000958	0	7.9295	0	7.5790	0
9275SoOcn	 8	C	04/01/2015	08:15	354.83	-67.892		   101.32	0	 -0.7358	0	34.5129	0	27.767	0	254.90	0	69.57	0	31.80	0	0.31	0	0.0001068	0	7.9366	0	7.5813	0
9275SoOcn	 8	C	04/01/2015	08:15	354.83	-67.892		    95.59	0	 -0.9750	0	34.4955	0	27.768	0	261.90	0	71.02	0	31.35	0	0.4	0	0.0001488	0	7.9419	0	7.5828	0
9275SoOcn	 8	C	04/01/2015	08:15	354.83	-67.892		    90.43	0	 -1.1207	0	34.4752	0	27.761	0	268.80	0	72.59	0	31.07	0	0.46	0	0.0001188	0	7.9461	0	7.5844	0
9275SoOcn	 8	C	04/01/2015	08:15	354.83	-67.892		    85.76	0	 -1.2759	0	34.4628	0	27.761	0	274.80	0	73.90	0	31.30	0	0.55	0	0.0001358	0	7.9548	0	7.5902	0
9275SoOcn	 8	C	04/01/2015	08:15	354.83	-67.892		    81.42	0	 -1.1768	0	34.4446	0	27.74	0	276.60	0	74.57	0	31.22	0	0.64	0	0.0001328	0	7.9513	0	7.5882	0
9275SoOcn	 8	C	04/01/2015	08:15	354.83	-67.892		    76.71	0	 -1.4268	0	34.4457	0	27.756	0	279.90	0	74.95	0	30.46	0	0.61	0	0.0001278	0	7.9648	0	7.5971	0
9275SoOcn	 8	C	04/01/2015	08:15	354.83	-67.892		    71.81	0	 -1.3080	0	34.4201	0	27.728	0	281.90	0	75.72	0	30.89	0	0.69	0	0.0001488	0	7.9656	0	7.5992	0
9275SoOcn	 8	C	04/01/2015	08:15	354.83	-67.892		    66.82	0	 -1.3168	0	34.4159	0	27.725	0	282.00	0	75.72	0	30.75	0	0.72	0	0.0001358	0	7.9755	0	7.6080	0
9275SoOcn	 8	C	04/01/2015	08:15	354.83	-67.892		    61.81	0	 -1.4171	0	34.3896	0	27.71	0	285.70	0	76.50	0	30.28	0	0.79	0	0.0001858	0	7.9833	0	7.6136	0
9275SoOcn	 8	C	04/01/2015	08:15	354.83	-67.892		    56.61	0	 -1.4656	0	34.3627	0	27.691	0	287.20	0	76.78	0	30.29	0	0.97	0	0.0001698	0	7.9807	0	7.6104	0
9275SoOcn	 8	C	04/01/2015	08:15	354.83	-67.892		    51.84	0	 -1.3070	0	34.1217	0	27.488	0	293.60	0	78.70	0	27.02	0	0.96	0	0.0001988	0	8.0329	0	7.6603	0
9275SoOcn	 8	C	04/01/2015	08:15	354.83	-67.892		    46.74	0	 -1.1917	0	33.9345	0	27.33	0	335.80	0	90.17	0	25.66	0	0.83	0	0.0002038	0	8.0537	0	7.6807	0
9275SoOcn	 8	C	04/01/2015	08:15	354.83	-67.892		    41.66	0	 -1.1924	0	33.9336	0	27.33	0	343.70	0	92.29	0	25.51	0	0.84	0	0.0002148	0	8.0571	0	7.6836	0
9275SoOcn	 8	C	04/01/2015	08:15	354.83	-67.892		    36.43	0	 -1.1967	0	33.9330	0	27.33	0	346.10	0	92.92	0	25.64	0	0.85	0	0.0001968	0	8.0562	0	7.6826	0
9275SoOcn	 8	C	04/01/2015	08:15	354.83	-67.892		    31.66	0	 -1.2029	0	33.9323	0	27.329	0	347.30	0	93.23	0	25.55	0	0.79	0	0.0002258	0	8.0578	0	7.6838	0
9275SoOcn	 8	C	04/01/2015	08:15	354.83	-67.892		    26.49	0	 -1.2073	0	33.9317	0	27.329	0	348.10	0	93.43	0	25.50	0	0.79	0	0.0002228	0	8.0585	0	7.6842	0
9275SoOcn	 8	C	04/01/2015	08:15	354.83	-67.892		    21.13	0	 -1.2100	0	33.9313	0	27.329	0	348.40	0	93.51	0	25.54	0	0.76	0	0.0001988	0	8.0596	0	7.6850	0
9275SoOcn	 8	C	04/01/2015	08:15	354.83	-67.892		    16.22	0	 -1.2086	0	33.9323	0	27.33	0	348.70	0	93.59	0	25.61	0	0.77	0	0.0002078	0	8.0603	0	7.6856	0
9275SoOcn	 8	C	04/01/2015	08:15	354.83	-67.892		    11.03	0	 -1.2101	0	33.9318	0	27.329	0	349.00	0	93.67	0	25.45	0	0.78	0	0.0002688	0	8.0611	0	7.6861	0
9275SoOcn	 8	C	04/01/2015	08:15	354.83	-67.892		     6.64	0	 -1.2087	0	33.9320	0	27.33	0	349.10	0	93.70	0	25.45	0	0.75	0	0.0002018	0	8.0600	0	7.6849	0
9275SoOcn	 8	C	04/01/2015	08:15	354.83	-67.892																					
