//0																													
Cruise	Station	Type	mon/day/yr	hh:mm	Lon [°E]	Lat [°N]	Bot. Depth[m]	Depth[m]	QF	Temperature[°C]	QF	Salinity	QF	Density	QF	Oxygen[µM]	QF	OxygenSat[%]	QF	Nitrate[µM]	QF	Chlorophyll[µg/l]	QF	BackScatter[/m/sr]	QF	pHinsitu[Total]	QF	pH25C[Total]	QF
9313SoOcn	 1	C	12/07/2014	23:50	   7.197	-44.602		  1999.26	0	  2.5465	0	34.7574	0	27.701	0	195.9	0	58.3	0	29.75	0	0.05	0	0.000103	0	7.7332	0	7.5002	0
9313SoOcn	 1	C	12/07/2014	23:50	   7.197	-44.602		  1899.44	0	  2.5225	0	34.7256	0	27.677	0	186.3	0	55.4	0	31.30	0	0.05	0	0.000105	0	7.7147	0	7.4797	0
9313SoOcn	 1	C	12/07/2014	23:50	   7.197	-44.602		  1799.41	0	  2.6558	0	34.7161	0	27.656	0	187.9	0	56.0	0	30.96	0	0.05	0	0.000102	0	7.7187	0	7.4818	0
9313SoOcn	 1	C	12/07/2014	23:50	   7.197	-44.602		  1698.98	0	  2.6802	0	34.6918	0	27.634	0	184.3	0	55.0	0	31.73	0	0.04	0	0.000102	0	7.7130	0	7.4737	0
9313SoOcn	 1	C	12/07/2014	23:50	   7.197	-44.602		  1599.14	0	  2.7004	0	34.6568	0	27.604	0	180.0	0	53.8	0	32.54	0	0.04	0	0.000110	0	7.7041	0	7.4625	0
9313SoOcn	 1	C	12/07/2014	23:50	   7.197	-44.602		  1499.14	0	  2.7234	0	34.6168	0	27.569	0	177.2	0	52.9	0	33.48	0	0.05	0	0.000105	0	7.6974	0	7.4534	0
9313SoOcn	 1	C	12/07/2014	23:50	   7.197	-44.602		  1399.75	0	  2.7444	0	34.5850	0	27.541	0	176.4	0	52.7	0	34.08	0	0.05	0	0.000107	0	7.6933	0	7.4466	0
9313SoOcn	 1	C	12/07/2014	23:50	   7.197	-44.602		  1299.56	0	  2.7896	0	34.5341	0	27.495	0	176.5	0	52.8	0	34.61	0	0.05	0	0.000107	0	7.6910	0	7.4419	0
9313SoOcn	 1	C	12/07/2014	23:50	   7.197	-44.602		  1199.10	0	  2.8248	0	34.4817	0	27.449	0	178.6	0	53.4	0	35.18	0	0.04	0	0.000108	0	7.6908	0	7.4389	0
9313SoOcn	 1	C	12/07/2014	23:50	   7.197	-44.602		  1098.93	0	  2.8731	0	34.4387	0	27.409	0	183.0	0	54.8	0	35.38	0	0.04	0	0.000110	0	7.6958	0	7.4408	0
9313SoOcn	 1	C	12/07/2014	23:50	   7.197	-44.602		   999.23	0	  2.9332	0	34.3908	0	27.364	0	189.8	0	56.9	0	35.23	0	0.04	0	0.000107	0	7.7059	0	7.4476	0
9313SoOcn	 1	C	12/07/2014	23:50	   7.197	-44.602		   950.96	0	  2.9913	0	34.3537	0	27.327	0	195.7	0	58.7	0	34.98	0	0.05	0	0.000108	0	7.7045	0	7.4456	0
9313SoOcn	 1	C	12/07/2014	23:50	   7.197	-44.602		   901.59	0	  3.0727	0	34.3215	0	27.293	0	202.4	0	60.9	0	34.63	0	0.04	0	0.000113	0	7.7136	0	7.4535	0
9313SoOcn	 1	C	12/07/2014	23:50	   7.197	-44.602		   851.15	0	  3.1480	0	34.2945	0	27.263	0	209.1	0	63.0	0	34.14	0	0.03	0	0.000111	0	7.7248	0	7.4631	0
9313SoOcn	 1	C	12/07/2014	23:50	   7.197	-44.602		   800.89	0	  3.2126	0	34.2757	0	27.241	0	214.4	0	64.7	0	33.79	0	0.03	0	0.000111	0	7.7310	0	7.4680	0
9313SoOcn	 1	C	12/07/2014	23:50	   7.197	-44.602		   751.56	0	  3.3095	0	34.2528	0	27.212	0	220.0	0	66.5	0	33.33	0	0.03	0	0.000113	0	7.7424	0	7.4781	0
9313SoOcn	 1	C	12/07/2014	23:50	   7.197	-44.602		   701.71	0	  3.4496	0	34.2212	0	27.171	0	228.9	0	69.4	0	32.60	0	0.05	0	0.000108	0	7.7539	0	7.4891	0
9313SoOcn	 1	C	12/07/2014	23:50	   7.197	-44.602		   651.43	0	  3.6100	0	34.2066	0	27.142	0	235.0	0	71.5	0	31.90	0	0.04	0	0.000124	0	7.7637	0	7.4986	0
9313SoOcn	 1	C	12/07/2014	23:50	   7.197	-44.602		   601.49	0	  3.7805	0	34.1875	0	27.108	0	242.0	0	74.0	0	31.25	0	0.04	0	0.000121	0	7.7740	0	7.5088	0
9313SoOcn	 1	C	12/07/2014	23:50	   7.197	-44.602		   551.62	0	  3.9617	0	34.1712	0	27.075	0	247.7	0	76.0	0	30.44	0	0.03	0	0.000115	0	7.7815	0	7.5165	0
9313SoOcn	 1	C	12/07/2014	23:50	   7.197	-44.602		   501.25	0	  4.1158	0	34.1632	0	27.051	0	251.5	0	77.5	0	29.99	0	0.04	0	0.000118	0	7.7882	0	7.5231	0
9313SoOcn	 1	C	12/07/2014	23:50	   7.197	-44.602		   451.67	0	  4.3344	0	34.1720	0	27.033	0	251.5	0	77.9	0	29.59	0	0.04	0	0.000118	0	7.7899	0	7.5261	0
9313SoOcn	 1	C	12/07/2014	23:50	   7.197	-44.602		   401.62	0	  4.4759	0	34.1643	0	27.011	0	254.3	0	79.1	0	29.09	0	0.02	0	0.000127	0	7.7950	0	7.5311	0
9313SoOcn	 1	C	12/07/2014	23:50	   7.197	-44.602		   381.68	0	  4.5806	0	34.1687	0	27.002	0	253.9	0	79.1	0	28.79	0	0.03	0	0.000156	0	7.7958	0	7.5326	0
9313SoOcn	 1	C	12/07/2014	23:50	   7.197	-44.602		   360.84	0	  4.8669	0	34.1924	0	26.988	0	249.3	0	78.3	0	28.55	0	0.04	0	0.000123	0	7.7925	0	7.5329	0
9313SoOcn	 1	C	12/07/2014	23:50	   7.197	-44.602		   350.74	0	  4.9234	0	34.1960	0	26.984	0	248.9	0	78.2	0	28.39	0	0.04	0	0.000121	0	7.7927	0	7.5336	0
9313SoOcn	 1	C	12/07/2014	23:50	   7.197	-44.602		   340.71	0	  4.9634	0	34.1940	0	26.977	0	249.5	0	78.5	0	28.27	0	0.03	0	0.000158	0	7.7948	0	7.5357	0
9313SoOcn	 1	C	12/07/2014	23:50	   7.197	-44.602		   331.14	0	  5.0127	0	34.1939	0	26.971	0	250.0	0	78.8	0	28.01	0	0.03	0	0.000121	0	7.7968	0	7.5380	0
9313SoOcn	 1	C	12/07/2014	23:50	   7.197	-44.602		   321.25	0	  5.2051	0	34.2087	0	26.96	0	248.9	0	78.8	0	27.66	0	0.03	0	0.000119	0	7.7971	0	7.5406	0
9313SoOcn	 1	C	12/07/2014	23:50	   7.197	-44.602		   311.42	0	  5.3003	0	34.2164	0	26.955	0	248.1	0	78.7	0	27.49	0	0.03	0	0.000126	0	7.7978	0	7.5422	0
9313SoOcn	 1	C	12/07/2014	23:50	   7.197	-44.602		   301.31	0	  5.4745	0	34.2315	0	26.945	0	246.6	0	78.5	0	27.17	0	0.04	0	0.000126	0	7.7957	0	7.5424	0
9313SoOcn	 1	C	12/07/2014	23:50	   7.197	-44.602		   291.36	0	  5.7195	0	34.2533	0	26.932	0	243.3	0	78.0	0	26.73	0	0.04	0	0.000126	0	7.7968	0	7.5465	0
9313SoOcn	 1	C	12/07/2014	23:50	   7.197	-44.602		   281.38	0	  5.8697	0	34.2670	0	26.924	0	242.4	0	77.9	0	26.39	0	0.04	0	0.000127	0	7.7983	0	7.5497	0
9313SoOcn	 1	C	12/07/2014	23:50	   7.197	-44.602		   271.31	0	  6.0017	0	34.2787	0	26.917	0	241.8	0	78.0	0	26.01	0	0.03	0	0.000132	0	7.8001	0	7.5528	0
9313SoOcn	 1	C	12/07/2014	23:50	   7.197	-44.602		   261.33	0	  6.2368	0	34.3018	0	26.905	0	239.4	0	77.7	0	25.62	0	0.04	0	0.000132	0	7.8006	0	7.5563	0
9313SoOcn	 1	C	12/07/2014	23:50	   7.197	-44.602		   251.21	0	  6.3798	0	34.3139	0	26.896	0	238.7	0	77.7	0	25.16	0	0.04	0	0.000132	0	7.8029	0	7.5601	0
9313SoOcn	 1	C	12/07/2014	23:50	   7.197	-44.602		   241.13	0	  6.5043	0	34.3267	0	26.89	0	239.2	0	78.1	0	24.78	0	0.04	0	0.000130	0	7.8050	0	7.5634	0
9313SoOcn	 1	C	12/07/2014	23:50	   7.197	-44.602		   231.54	0	  6.6094	0	34.3375	0	26.884	0	238.5	0	78.1	0	24.57	0	0.04	0	0.000130	0	7.8083	0	7.5676	0
9313SoOcn	 1	C	12/07/2014	23:50	   7.197	-44.602		   221.37	0	  6.6931	0	34.3447	0	26.879	0	238.4	0	78.2	0	24.40	0	0.04	0	0.000135	0	7.8093	0	7.5694	0
9313SoOcn	 1	C	12/07/2014	23:50	   7.197	-44.602		   211.26	0	  6.8565	0	34.3559	0	26.866	0	238.4	0	78.5	0	23.81	0	0.04	0	0.000135	0	7.8133	0	7.5750	0
9313SoOcn	 1	C	12/07/2014	23:50	   7.197	-44.602		   201.29	0	  7.0476	0	34.3762	0	26.856	0	238.6	0	78.9	0	23.14	0	0.05	0	0.000129	0	7.8169	0	7.5807	0
9313SoOcn	 1	C	12/07/2014	23:50	   7.197	-44.602		   191.33	0	  7.2152	0	34.3932	0	26.846	0	238.8	0	79.3	0	22.53	0	0.03	0	0.000140	0	7.8260	0	7.5911	0
9313SoOcn	 1	C	12/07/2014	23:50	   7.197	-44.602		   181.30	0	  7.5316	0	34.4181	0	26.822	0	240.2	0	80.4	0	21.58	0	0.04	0	0.000134	0	7.8302	0	7.5991	0
9313SoOcn	 1	C	12/07/2014	23:50	   7.197	-44.602		   171.58	0	  7.6201	0	34.4245	0	26.814	0	242.2	0	81.2	0	21.20	0	0.06	0	0.000137	0	7.8346	0	7.6041	0
9313SoOcn	 1	C	12/07/2014	23:50	   7.197	-44.602		   161.11	0	  7.7761	0	34.4303	0	26.796	0	245.1	0	82.5	0	20.46	0	0.05	0	0.000134	0	7.8406	0	7.6114	0
9313SoOcn	 1	C	12/07/2014	23:50	   7.197	-44.602		   151.46	0	  7.9557	0	34.4465	0	26.783	0	246.6	0	83.3	0	19.66	0	0.07	0	0.000137	0	7.8496	0	7.6219	0
9313SoOcn	 1	C	12/07/2014	23:50	   7.197	-44.602		   141.27	0	  8.0011	0	34.4408	0	26.771	0	251.1	0	84.9	0	18.95	0	0.08	0	0.000142	0	7.8588	0	7.6306	0
9313SoOcn	 1	C	12/07/2014	23:50	   7.197	-44.602		   128.49	0	  8.2055	0	34.4503	0	26.749	0	256.7	0	87.2	0	18.06	0	0.12	0	0.000140	0	7.8671	0	7.6407	0
9313SoOcn	 1	C	12/07/2014	23:50	   7.197	-44.602		   119.37	0	  8.3441	0	34.4569	0	26.733	0	259.3	0	88.4	0	17.58	0	0.12	0	0.000140	0	7.8717	0	7.6466	0
9313SoOcn	 1	C	12/07/2014	23:50	   7.197	-44.602		   111.55	0	  8.4103	0	34.4626	0	26.728	0	260.4	0	88.9	0	17.25	0	0.12	0	0.000143	0	7.8771	0	7.6523	0
9313SoOcn	 1	C	12/07/2014	23:50	   7.197	-44.602		   101.45	0	  8.4790	0	34.4568	0	26.712	0	263.0	0	89.9	0	16.65	0	0.13	0	0.000137	0	7.8804	0	7.6559	0
9313SoOcn	 1	C	12/07/2014	23:50	   7.197	-44.602		    93.80	0	  8.5286	0	34.4522	0	26.701	0	264.7	0	90.6	0	16.53	0	0.17	0	0.000140	0	7.8811	0	7.6570	0
9313SoOcn	 1	C	12/07/2014	23:50	   7.197	-44.602		    86.61	0	  8.5570	0	34.4391	0	26.686	0	266.9	0	91.4	0	15.89	0	0.32	0	0.000158	0	7.8879	0	7.6635	0
9313SoOcn	 1	C	12/07/2014	23:50	   7.197	-44.602		    79.66	0	  8.5542	0	34.4263	0	26.675	0	271.8	0	93.1	0	15.62	0	0.55	0	0.000175	0	7.8900	0	7.6651	0
9313SoOcn	 1	C	12/07/2014	23:50	   7.197	-44.602		    72.76	0	  8.5499	0	34.4191	0	26.67	0	273.6	0	93.7	0	15.75	0	0.72	0	0.000189	0	7.8947	0	7.6692	0
9313SoOcn	 1	C	12/07/2014	23:50	   7.197	-44.602		    66.29	0	  8.5421	0	34.4035	0	26.658	0	275.6	0	94.3	0	15.67	0	0.93	0	0.000210	0	7.8958	0	7.6698	0
9313SoOcn	 1	C	12/07/2014	23:50	   7.197	-44.602		    59.81	0	  8.5903	0	34.3792	0	26.631	0	276.4	0	94.7	0	16.14	0	1.15	0	0.000328	0	7.9009	0	7.6750	0
9313SoOcn	 1	C	12/07/2014	23:50	   7.197	-44.602		    54.79	0	  8.4586	0	34.2399	0	26.535	0	282.3	0	96.4	0	17.40	0	1.71	0	0.000317	0	7.9025	0	7.6743	0
9313SoOcn	 1	C	12/07/2014	23:50	   7.197	-44.602		    50.24	0	  8.2597	0	34.1352	0	26.479	0	289.3	0	98.2	0	18.60	0	2.07	0	0.000375	0	7.9020	0	7.6709	0
9313SoOcn	 1	C	12/07/2014	23:50	   7.197	-44.602		    45.94	0	  8.1480	0	34.0867	0	26.455	0	292.8	0	99.1	0	19.13	0	2.07	0	0.000415	0	7.9012	0	7.6684	0
9313SoOcn	 1	C	12/07/2014	23:50	   7.197	-44.602		    41.68	0	  8.0827	0	34.0581	0	26.442	0	293.7	0	99.3	0	19.30	0	1.97	0	0.000403	0	7.9018	0	7.6680	0
9313SoOcn	 1	C	12/07/2014	23:50	   7.197	-44.602		    37.34	0	  8.0811	0	34.0553	0	26.439	0	294.5	0	99.6	0	19.47	0	1.76	0	0.000455	0	7.9034	0	7.6693	0
9313SoOcn	 1	C	12/07/2014	23:50	   7.197	-44.602		    32.67	0	  8.0925	0	34.0539	0	26.437	0	294.3	0	99.5	0	19.36	0	1.66	0	0.000404	0	7.9048	0	7.6705	0
9313SoOcn	 1	C	12/07/2014	23:50	   7.197	-44.602		    27.87	0	  8.1034	0	34.0534	0	26.435	0	295.4	0	99.9	0	19.43	0	1.63	0	0.000414	0	7.9053	0	7.6710	0
9313SoOcn	 1	C	12/07/2014	23:50	   7.197	-44.602		    23.03	0	  8.1111	0	34.0515	0	26.432	0	295.5	0	99.9	0	19.46	0	1.49	0	0.000393	0	7.9057	0	7.6713	0
9313SoOcn	 1	C	12/07/2014	23:50	   7.197	-44.602		    18.08	0	  8.2173	0	34.0554	0	26.419	0	294.6	0	99.9	0	19.48	0	1.49	0	0.000757	0	7.9037	0	7.6708	0
9313SoOcn	 1	C	12/07/2014	23:50	   7.197	-44.602		    13.25	0	  8.4383	0	34.0603	0	26.389	0	293.2	0	99.9	0	19.34	0	1.25	0	0.000383	0	7.9028	0	7.6730	0
9313SoOcn	 1	C	12/07/2014	23:50	   7.197	-44.602		     8.36	0	  8.5155	0	34.0669	0	26.383	0	293.1	0	100.0	0	19.23	0	1.25	0	0.000364	0	7.9036	0	7.6746	0
9313SoOcn	 1	C	12/07/2014	23:50	   7.197	-44.602																					
9313SoOcn	 2	C	12/13/2014	05:09	   7.613	-44.151		  1999.14	0	  2.5116	0	34.7432	0	27.692	0	190.0	0	56.5	0	29.75	0	0.01	0	0.000095	0	7.7395	0	7.5055	0
9313SoOcn	 2	C	12/13/2014	05:09	   7.613	-44.151		  1899.00	0	  2.5300	0	34.7229	0	27.674	0	184.8	0	55.0	0	30.56	0	0.01	0	0.000094	0	7.7318	0	7.4954	0
9313SoOcn	 2	C	12/13/2014	05:09	   7.613	-44.151		  1799.15	0	  2.6126	0	34.7047	0	27.651	0	183.2	0	54.6	0	31.07	0	0.01	0	0.000094	0	7.7289	0	7.4906	0
9313SoOcn	 2	C	12/13/2014	05:09	   7.613	-44.151		  1699.04	0	  2.6597	0	34.6838	0	27.63	0	180.8	0	53.9	0	31.47	0	0.01	0	0.000094	0	7.7265	0	7.4858	0
9313SoOcn	 2	C	12/13/2014	05:09	   7.613	-44.151		  1599.94	0	  2.6772	0	34.6440	0	27.596	0	175.9	0	52.5	0	32.69	0	0.01	0	0.000097	0	7.7139	0	7.4712	0
9313SoOcn	 2	C	12/13/2014	05:09	   7.613	-44.151		  1498.45	0	  2.7168	0	34.6100	0	27.564	0	175.5	0	52.4	0	33.25	0	0.01	0	0.000095	0	7.7119	0	7.4666	0
9313SoOcn	 2	C	12/13/2014	05:09	   7.613	-44.151		  1398.95	0	  2.7478	0	34.5751	0	27.532	0	175.4	0	52.4	0	33.74	0	0.01	0	0.000100	0	7.7103	0	7.4622	0
9313SoOcn	 2	C	12/13/2014	05:09	   7.613	-44.151		  1299.18	0	  2.7756	0	34.5296	0	27.493	0	175.7	0	52.5	0	34.36	0	0.01	0	0.000099	0	7.7082	0	7.4575	0
9313SoOcn	 2	C	12/13/2014	05:09	   7.613	-44.151		  1199.42	0	  2.8279	0	34.4768	0	27.444	0	178.4	0	53.4	0	34.73	0	0.01	0	0.000102	0	7.7086	0	7.4553	0
9313SoOcn	 2	C	12/13/2014	05:09	   7.613	-44.151		  1099.02	0	  2.8924	0	34.4280	0	27.398	0	183.9	0	55.1	0	34.90	0	0.01	0	0.000129	0	7.7136	0	7.4574	0
9313SoOcn	 2	C	12/13/2014	05:09	   7.613	-44.151		   999.52	0	  2.9746	0	34.3637	0	27.337	0	193.3	0	58.0	0	34.56	0	0.01	0	0.000099	0	7.7248	0	7.4656	0
9313SoOcn	 2	C	12/13/2014	05:09	   7.613	-44.151		   951.59	0	  3.0402	0	34.3338	0	27.306	0	199.1	0	59.8	0	34.28	0	0.01	0	0.000107	0	7.7313	0	7.4709	0
9313SoOcn	 2	C	12/13/2014	05:09	   7.613	-44.151		   900.78	0	  3.1169	0	34.3058	0	27.275	0	205.7	0	61.9	0	33.84	0	0.00	0	0.000099	0	7.7394	0	7.4777	0
9313SoOcn	 2	C	12/13/2014	05:09	   7.613	-44.151		   851.46	0	  3.2265	0	34.2742	0	27.238	0	213.5	0	64.4	0	33.25	0	0.01	0	0.000103	0	7.7508	0	7.4880	0
9313SoOcn	 2	C	12/13/2014	05:09	   7.613	-44.151		   800.73	0	  3.2979	0	34.2567	0	27.216	0	218.8	0	66.1	0	32.88	0	-0.01	0	0.000105	0	7.7586	0	7.4944	0
9313SoOcn	 2	C	12/13/2014	05:09	   7.613	-44.151		   751.43	0	  3.3893	0	34.2338	0	27.188	0	224.8	0	68.1	0	32.45	0	0.01	0	0.000099	0	7.7663	0	7.5012	0
9313SoOcn	 2	C	12/13/2014	05:09	   7.613	-44.151		   701.42	0	  3.4976	0	34.2165	0	27.163	0	230.5	0	70.0	0	31.86	0	0.01	0	0.000107	0	7.7757	0	7.5096	0
9313SoOcn	 2	C	12/13/2014	05:09	   7.613	-44.151		   650.79	0	  3.7380	0	34.1969	0	27.121	0	236.9	0	72.3	0	31.13	0	0.01	0	0.000105	0	7.7862	0	7.5209	0
9313SoOcn	 2	C	12/13/2014	05:09	   7.613	-44.151		   601.19	0	  3.9040	0	34.1812	0	27.089	0	243.6	0	74.7	0	30.37	0	0.00	0	0.000105	0	7.7954	0	7.5300	0
9313SoOcn	 2	C	12/13/2014	05:09	   7.613	-44.151		   551.41	0	  4.0901	0	34.1803	0	27.068	0	245.3	0	75.6	0	29.90	0	-0.01	0	0.000105	0	7.7979	0	7.5333	0
9313SoOcn	 2	C	12/13/2014	05:09	   7.613	-44.151		   500.94	0	  4.2595	0	34.1676	0	27.038	0	250.4	0	77.4	0	29.31	0	0.00	0	0.000107	0	7.8056	0	7.5410	0
9313SoOcn	 2	C	12/13/2014	05:09	   7.613	-44.151		   450.80	0	  4.6114	0	34.1813	0	27.009	0	249.5	0	77.8	0	28.71	0	-0.01	0	0.000105	0	7.8062	0	7.5448	0
9313SoOcn	 2	C	12/13/2014	05:09	   7.613	-44.151		   400.51	0	  4.9211	0	34.1982	0	26.986	0	246.4	0	77.4	0	28.09	0	0.00	0	0.000118	0	7.8083	0	7.5494	0
9313SoOcn	 2	C	12/13/2014	05:09	   7.613	-44.151		   381.47	0	  5.1588	0	34.2135	0	26.97	0	245.2	0	77.5	0	27.61	0	0.00	0	0.000110	0	7.8059	0	7.5500	0
9313SoOcn	 2	C	12/13/2014	05:09	   7.613	-44.151		   360.62	0	  5.3193	0	34.2278	0	26.962	0	243.0	0	77.1	0	27.36	0	-0.01	0	0.000110	0	7.8076	0	7.5531	0
9313SoOcn	 2	C	12/13/2014	05:09	   7.613	-44.151		   351.43	0	  5.4811	0	34.2408	0	26.952	0	241.1	0	76.8	0	27.22	0	-0.01	0	0.000111	0	7.8057	0	7.5533	0
9313SoOcn	 2	C	12/13/2014	05:09	   7.613	-44.151		   341.57	0	  5.5774	0	34.2508	0	26.948	0	239.9	0	76.6	0	27.04	0	-0.01	0	0.000111	0	7.8052	0	7.5539	0
9313SoOcn	 2	C	12/13/2014	05:09	   7.613	-44.151		   330.89	0	  5.6495	0	34.2566	0	26.944	0	239.0	0	76.5	0	26.92	0	0.00	0	0.000111	0	7.8067	0	7.5559	0
9313SoOcn	 2	C	12/13/2014	05:09	   7.613	-44.151		   321.16	0	  5.7461	0	34.2633	0	26.937	0	238.8	0	76.6	0	26.56	0	0.01	0	0.000107	0	7.8084	0	7.5585	0
9313SoOcn	 2	C	12/13/2014	05:09	   7.613	-44.151		   310.99	0	  5.8313	0	34.2702	0	26.932	0	239.0	0	76.8	0	26.48	0	-0.01	0	0.000115	0	7.8078	0	7.5588	0
9313SoOcn	 2	C	12/13/2014	05:09	   7.613	-44.151		   301.14	0	  6.0147	0	34.2879	0	26.923	0	236.8	0	76.4	0	26.02	0	-0.01	0	0.000123	0	7.8101	0	7.5631	0
9313SoOcn	 2	C	12/13/2014	05:09	   7.613	-44.151		   291.49	0	  6.0933	0	34.2942	0	26.918	0	236.7	0	76.6	0	25.83	0	0.00	0	0.000118	0	7.8112	0	7.5650	0
9313SoOcn	 2	C	12/13/2014	05:09	   7.613	-44.151		   281.33	0	  6.1751	0	34.2992	0	26.911	0	237.4	0	76.9	0	25.36	0	-0.01	0	0.000118	0	7.8182	0	7.5722	0
9313SoOcn	 2	C	12/13/2014	05:09	   7.613	-44.151		   271.63	0	  6.3623	0	34.3159	0	26.9	0	237.4	0	77.3	0	25.07	0	0.00	0	0.000129	0	7.8183	0	7.5746	0
9313SoOcn	 2	C	12/13/2014	05:09	   7.613	-44.151		   260.94	0	  6.5485	0	34.3323	0	26.888	0	236.7	0	77.4	0	24.47	0	0.01	0	0.000123	0	7.8202	0	7.5787	0
9313SoOcn	 2	C	12/13/2014	05:09	   7.613	-44.151		   251.57	0	  6.8233	0	34.3607	0	26.874	0	234.9	0	77.3	0	24.03	0	0.00	0	0.000126	0	7.8209	0	7.5829	0
9313SoOcn	 2	C	12/13/2014	05:09	   7.613	-44.151		   238.13	0	  7.1849	0	34.4012	0	26.857	0	231.2	0	76.7	0	23.13	0	0.01	0	0.000124	0	7.8239	0	7.5902	0
9313SoOcn	 2	C	12/13/2014	05:09	   7.613	-44.151		   227.49	0	  7.3994	0	34.4209	0	26.843	0	230.4	0	76.9	0	22.39	0	0.01	0	0.000126	0	7.8277	0	7.5965	0
9313SoOcn	 2	C	12/13/2014	05:09	   7.613	-44.151		   218.69	0	  7.5264	0	34.4339	0	26.835	0	230.7	0	77.2	0	22.24	0	-0.01	0	0.000119	0	7.8261	0	7.5965	0
9313SoOcn	 2	C	12/13/2014	05:09	   7.613	-44.151		   209.68	0	  7.5963	0	34.4384	0	26.829	0	230.9	0	77.4	0	21.86	0	0.01	0	0.000129	0	7.8334	0	7.6039	0
9313SoOcn	 2	C	12/13/2014	05:09	   7.613	-44.151		   200.27	0	  7.5901	0	34.4222	0	26.816	0	235.5	0	78.9	0	21.16	0	0.01	0	0.000124	0	7.8460	0	7.6150	0
9313SoOcn	 2	C	12/13/2014	05:09	   7.613	-44.151		   191.25	0	  7.6906	0	34.4271	0	26.806	0	240.4	0	80.7	0	20.39	0	0.01	0	0.000130	0	7.8536	0	7.6231	0
9313SoOcn	 2	C	12/13/2014	05:09	   7.613	-44.151		   180.83	0	  7.8825	0	34.4413	0	26.789	0	243.5	0	82.1	0	19.84	0	0.03	0	0.000127	0	7.8600	0	7.6314	0
9313SoOcn	 2	C	12/13/2014	05:09	   7.613	-44.151		   170.69	0	  7.9799	0	34.4434	0	26.777	0	246.8	0	83.4	0	19.25	0	0.02	0	0.000123	0	7.8622	0	7.6344	0
9313SoOcn	 2	C	12/13/2014	05:09	   7.613	-44.151		   160.59	0	  7.8649	0	34.4121	0	26.768	0	250.5	0	84.4	0	19.25	0	0.03	0	0.000126	0	7.8672	0	7.6370	0
9313SoOcn	 2	C	12/13/2014	05:09	   7.613	-44.151		   150.90	0	  7.6476	0	34.3611	0	26.757	0	255.6	0	85.7	0	19.18	0	0.02	0	0.000127	0	7.8745	0	7.6403	0
9313SoOcn	 2	C	12/13/2014	05:09	   7.613	-44.151		   141.44	0	  7.5936	0	34.3287	0	26.738	0	261.1	0	87.4	0	18.91	0	0.03	0	0.000126	0	7.8805	0	7.6448	0
9313SoOcn	 2	C	12/13/2014	05:09	   7.613	-44.151		   131.52	0	  7.7016	0	34.3409	0	26.733	0	264.3	0	88.7	0	18.73	0	0.02	0	0.000129	0	7.8839	0	7.6490	0
9313SoOcn	 2	C	12/13/2014	05:09	   7.613	-44.151		   120.70	0	  8.0824	0	34.3746	0	26.704	0	262.2	0	88.8	0	17.66	0	0.06	0	0.000132	0	7.8886	0	7.6584	0
9313SoOcn	 2	C	12/13/2014	05:09	   7.613	-44.151		   111.46	0	  8.3337	0	34.4052	0	26.692	0	262.9	0	89.6	0	16.83	0	0.06	0	0.000130	0	7.8950	0	7.6675	0
9313SoOcn	 2	C	12/13/2014	05:09	   7.613	-44.151		   101.47	0	  8.5176	0	34.4146	0	26.671	0	266.1	0	91.0	0	16.15	0	0.19	0	0.000148	0	7.8977	0	7.6724	0
9313SoOcn	 2	C	12/13/2014	05:09	   7.613	-44.151		    94.41	0	  8.4415	0	34.3912	0	26.664	0	269.7	0	92.1	0	16.15	0	0.21	0	0.000143	0	7.8993	0	7.6725	0
9313SoOcn	 2	C	12/13/2014	05:09	   7.613	-44.151		    87.59	0	  8.3944	0	34.3684	0	26.652	0	271.9	0	92.8	0	16.17	0	0.28	0	0.000232	0	7.9033	0	7.6753	0
9313SoOcn	 2	C	12/13/2014	05:09	   7.613	-44.151		    80.79	0	  8.4330	0	34.3397	0	26.622	0	273.2	0	93.2	0	16.18	0	0.50	0	0.000196	0	7.9047	0	7.6768	0
9313SoOcn	 2	C	12/13/2014	05:09	   7.613	-44.151		    74.29	0	  8.4708	0	34.2923	0	26.577	0	275.5	0	94.1	0	17.16	0	0.79	0	0.000224	0	7.9134	0	7.6851	0
9313SoOcn	 2	C	12/13/2014	05:09	   7.613	-44.151		    68.51	0	  8.4326	0	34.1144	0	26.435	0	283.7	0	96.7	0	18.22	0	1.81	0	0.000450	0	7.9126	0	7.6837	0
9313SoOcn	 2	C	12/13/2014	05:09	   7.613	-44.151		    62.60	0	  8.4336	0	34.1019	0	26.424	0	286.6	0	97.7	0	18.37	0	1.79	0	0.000471	0	7.9137	0	7.6845	0
9313SoOcn	 2	C	12/13/2014	05:09	   7.613	-44.151		    56.41	0	  8.4347	0	34.0944	0	26.418	0	287.8	0	98.1	0	18.34	0	1.92	0	0.000484	0	7.9150	0	7.6855	0
9313SoOcn	 2	C	12/13/2014	05:09	   7.613	-44.151		    49.18	0	  8.4330	0	34.0945	0	26.418	0	288.8	0	98.4	0	18.30	0	1.90	0	0.000479	0	7.9152	0	7.6855	0
9313SoOcn	 2	C	12/13/2014	05:09	   7.613	-44.151		    42.54	0	  8.4325	0	34.0948	0	26.419	0	288.6	0	98.3	0	18.39	0	1.89	0	0.000500	0	7.9166	0	7.6865	0
9313SoOcn	 2	C	12/13/2014	05:09	   7.613	-44.151		    37.06	0	  8.4352	0	34.0943	0	26.418	0	288.7	0	98.4	0	18.33	0	1.86	0	0.000500	0	7.9168	0	7.6866	0
9313SoOcn	 2	C	12/13/2014	05:09	   7.613	-44.151		    31.56	0	  8.4404	0	34.0951	0	26.418	0	288.7	0	98.4	0	18.47	0	1.76	0	0.000458	0	7.9163	0	7.6860	0
9313SoOcn	 2	C	12/13/2014	05:09	   7.613	-44.151		    27.23	0	  8.4394	0	34.0948	0	26.418	0	288.9	0	98.5	0	18.33	0	1.79	0	0.000465	0	7.9174	0	7.6869	0
9313SoOcn	 2	C	12/13/2014	05:09	   7.613	-44.151		    20.65	0	  8.4402	0	34.0955	0	26.418	0	288.9	0	98.5	0	18.39	0	1.78	0	0.000469	0	7.9181	0	7.6873	0
9313SoOcn	 2	C	12/13/2014	05:09	   7.613	-44.151		    13.57	0	  8.4398	0	34.0949	0	26.418	0	288.9	0	98.5	0	18.34	0	1.76	0	0.000453	0	7.9197	0	7.6885	0
9313SoOcn	 2	C	12/13/2014	05:09	   7.613	-44.151		     5.79	0	  8.4385	0	34.0953	0	26.418	0	289.6	0	98.7	0	18.37	0	1.71	0	0.000496	0	7.9217	0	7.6901	0
9313SoOcn	 2	C	12/13/2014	05:09	   7.613	-44.151																					
9313SoOcn	 3	C	12/18/2014	12:13	   7.855	-43.577		  1999.24	0	  2.5251	0	34.7597	0	27.705	0	195.3	0	58.1	0	26.58	0	0.01	0	0.000094	0	7.7633	0	7.5274	0
9313SoOcn	 3	C	12/18/2014	12:13	   7.855	-43.577		  1898.66	0	  2.5620	0	34.7307	0	27.677	0	187.8	0	55.9	0	28.03	0	0.01	0	0.000094	0	7.7477	0	7.5104	0
9313SoOcn	 3	C	12/18/2014	12:13	   7.855	-43.577		  1798.71	0	  2.5853	0	34.6915	0	27.643	0	179.8	0	53.5	0	29.32	0	0.01	0	0.000095	0	7.7308	0	7.4920	0
9313SoOcn	 3	C	12/18/2014	12:13	   7.855	-43.577		  1699.03	0	  2.6272	0	34.6576	0	27.611	0	175.7	0	52.4	0	30.29	0	0.01	0	0.000095	0	7.7226	0	7.4817	0
9313SoOcn	 3	C	12/18/2014	12:13	   7.855	-43.577		  1599.52	0	  2.6161	0	34.6254	0	27.586	0	172.1	0	51.3	0	31.06	0	0.00	0	0.000097	0	7.7132	0	7.4696	0
9313SoOcn	 3	C	12/18/2014	12:13	   7.855	-43.577		  1499.93	0	  2.6660	0	34.6011	0	27.562	0	171.9	0	51.2	0	31.43	0	0.01	0	0.000095	0	7.7130	0	7.4669	0
9313SoOcn	 3	C	12/18/2014	12:13	   7.855	-43.577		  1399.24	0	  2.7368	0	34.5722	0	27.531	0	174.1	0	52.0	0	31.57	0	0.01	0	0.000097	0	7.7173	0	7.4685	0
9313SoOcn	 3	C	12/18/2014	12:13	   7.855	-43.577		  1299.83	0	  2.7641	0	34.5291	0	27.493	0	174.9	0	52.3	0	32.13	0	0.01	0	0.000095	0	7.7155	0	7.4640	0
9313SoOcn	 3	C	12/18/2014	12:13	   7.855	-43.577		  1199.17	0	  2.8340	0	34.4757	0	27.443	0	178.6	0	53.4	0	32.45	0	0.00	0	0.000097	0	7.7181	0	7.4640	0
9313SoOcn	 3	C	12/18/2014	12:13	   7.855	-43.577		  1099.71	0	  2.9043	0	34.4310	0	27.399	0	183.6	0	55.0	0	32.41	0	0.01	0	0.000103	0	7.7250	0	7.4680	0
9313SoOcn	 3	C	12/18/2014	12:13	   7.855	-43.577		   998.86	0	  2.9996	0	34.3629	0	27.334	0	194.2	0	58.3	0	32.18	0	0.00	0	0.000102	0	7.7357	0	7.4759	0
9313SoOcn	 3	C	12/18/2014	12:13	   7.855	-43.577		   951.65	0	  3.0333	0	34.3410	0	27.313	0	198.2	0	59.5	0	32.08	0	0.01	0	0.000097	0	7.7401	0	7.4788	0
9313SoOcn	 3	C	12/18/2014	12:13	   7.855	-43.577		   901.22	0	  3.0659	0	34.3081	0	27.282	0	204.0	0	61.3	0	31.78	0	0.01	0	0.000102	0	7.7443	0	7.4814	0
9313SoOcn	 3	C	12/18/2014	12:13	   7.855	-43.577		   850.95	0	  3.1505	0	34.2898	0	27.259	0	209.6	0	63.1	0	31.41	0	0.00	0	0.000097	0	7.7556	0	7.4914	0
9313SoOcn	 3	C	12/18/2014	12:13	   7.855	-43.577		   800.67	0	  3.2753	0	34.2580	0	27.22	0	217.6	0	65.7	0	30.82	0	0.01	0	0.000103	0	7.7662	0	7.5011	0
9313SoOcn	 3	C	12/18/2014	12:13	   7.855	-43.577		   750.76	0	  3.4004	0	34.2305	0	27.184	0	225.0	0	68.1	0	30.17	0	-0.01	0	0.000105	0	7.7764	0	7.5106	0
9313SoOcn	 3	C	12/18/2014	12:13	   7.855	-43.577		   700.62	0	  3.5000	0	34.2157	0	27.162	0	231.0	0	70.2	0	29.74	0	0.01	0	0.000121	0	7.7851	0	7.5183	0
9313SoOcn	 3	C	12/18/2014	12:13	   7.855	-43.577		   650.67	0	  3.6790	0	34.2050	0	27.134	0	234.3	0	71.5	0	29.16	0	-0.01	0	0.000108	0	7.7912	0	7.5247	0
9313SoOcn	 3	C	12/18/2014	12:13	   7.855	-43.577		   600.95	0	  3.8380	0	34.1842	0	27.099	0	241.5	0	73.9	0	28.44	0	-0.01	0	0.000107	0	7.8004	0	7.5337	0
9313SoOcn	 3	C	12/18/2014	12:13	   7.855	-43.577		   551.08	0	  4.1080	0	34.1840	0	27.069	0	243.4	0	75.0	0	27.68	0	0.00	0	0.000110	0	7.8056	0	7.5406	0
9313SoOcn	 3	C	12/18/2014	12:13	   7.855	-43.577		   501.68	0	  4.2349	0	34.1765	0	27.049	0	247.8	0	76.6	0	27.21	0	0.00	0	0.000107	0	7.8143	0	7.5487	0
9313SoOcn	 3	C	12/18/2014	12:13	   7.855	-43.577		   451.67	0	  4.3745	0	34.1657	0	27.024	0	252.3	0	78.2	0	26.74	0	0.00	0	0.000110	0	7.8178	0	7.5522	0
9313SoOcn	 3	C	12/18/2014	12:13	   7.855	-43.577		   400.62	0	  4.6634	0	34.1687	0	26.992	0	253.5	0	79.2	0	26.05	0	-0.01	0	0.000115	0	7.8202	0	7.5568	0
9313SoOcn	 3	C	12/18/2014	12:13	   7.855	-43.577		   381.56	0	  4.7174	0	34.1707	0	26.988	0	254.0	0	79.4	0	25.92	0	-0.01	0	0.000107	0	7.8213	0	7.5579	0
9313SoOcn	 3	C	12/18/2014	12:13	   7.855	-43.577		   361.42	0	  4.8383	0	34.1714	0	26.974	0	254.8	0	79.9	0	25.55	0	-0.01	0	0.000113	0	7.8227	0	7.5602	0
9313SoOcn	 3	C	12/18/2014	12:13	   7.855	-43.577		   350.85	0	  5.0247	0	34.1872	0	26.964	0	252.3	0	79.5	0	25.29	0	-0.01	0	0.000113	0	7.8212	0	7.5611	0
9313SoOcn	 3	C	12/18/2014	12:13	   7.855	-43.577		   341.19	0	  5.2069	0	34.2050	0	26.957	0	249.6	0	79.0	0	25.11	0	0.01	0	0.000118	0	7.8201	0	7.5623	0
9313SoOcn	 3	C	12/18/2014	12:13	   7.855	-43.577		   331.17	0	  5.3808	0	34.2201	0	26.948	0	247.2	0	78.6	0	24.73	0	0.00	0	0.000113	0	7.8202	0	7.5645	0
9313SoOcn	 3	C	12/18/2014	12:13	   7.855	-43.577		   320.86	0	  5.4238	0	34.2258	0	26.947	0	246.3	0	78.4	0	24.69	0	0.00	0	0.000119	0	7.8211	0	7.5656	0
9313SoOcn	 3	C	12/18/2014	12:13	   7.855	-43.577		   310.81	0	  5.6591	0	34.2466	0	26.934	0	244.1	0	78.1	0	24.31	0	-0.01	0	0.000124	0	7.8213	0	7.5687	0
9313SoOcn	 3	C	12/18/2014	12:13	   7.855	-43.577		   300.66	0	  5.8010	0	34.2619	0	26.929	0	242.6	0	77.9	0	23.92	0	0.00	0	0.000116	0	7.8223	0	7.5713	0
9313SoOcn	 3	C	12/18/2014	12:13	   7.855	-43.577		   291.19	0	  6.0367	0	34.2888	0	26.921	0	240.4	0	77.6	0	23.58	0	0.00	0	0.000116	0	7.8220	0	7.5741	0
9313SoOcn	 3	C	12/18/2014	12:13	   7.855	-43.577		   281.02	0	  6.2098	0	34.3039	0	26.91	0	237.8	0	77.1	0	23.26	0	0.00	0	0.000119	0	7.8213	0	7.5755	0
9313SoOcn	 3	C	12/18/2014	12:13	   7.855	-43.577		   271.14	0	  6.3902	0	34.3243	0	26.903	0	235.2	0	76.6	0	23.06	0	0.00	0	0.000118	0	7.8202	0	7.5767	0
9313SoOcn	 3	C	12/18/2014	12:13	   7.855	-43.577		   261.00	0	  6.5138	0	34.3353	0	26.895	0	233.7	0	76.3	0	22.62	0	0.00	0	0.000121	0	7.8231	0	7.5808	0
9313SoOcn	 3	C	12/18/2014	12:13	   7.855	-43.577		   251.23	0	  6.7198	0	34.3536	0	26.883	0	232.6	0	76.3	0	22.18	0	0.01	0	0.000126	0	7.8234	0	7.5837	0
9313SoOcn	 3	C	12/18/2014	12:13	   7.855	-43.577		   241.34	0	  6.8581	0	34.3667	0	26.874	0	232.0	0	76.4	0	21.88	0	-0.01	0	0.000124	0	7.8253	0	7.5870	0
9313SoOcn	 3	C	12/18/2014	12:13	   7.855	-43.577		   230.97	0	  7.0829	0	34.3848	0	26.858	0	231.7	0	76.7	0	21.04	0	0.01	0	0.000126	0	7.8316	0	7.5956	0
9313SoOcn	 3	C	12/18/2014	12:13	   7.855	-43.577		   220.72	0	  7.2455	0	34.3925	0	26.841	0	233.7	0	77.7	0	20.49	0	0.01	0	0.000165	0	7.8368	0	7.6024	0
9313SoOcn	 3	C	12/18/2014	12:13	   7.855	-43.577		   211.35	0	  7.4320	0	34.4086	0	26.828	0	234.3	0	78.2	0	19.90	0	-0.01	0	0.000124	0	7.8398	0	7.6075	0
9313SoOcn	 3	C	12/18/2014	12:13	   7.855	-43.577		   201.60	0	  7.5837	0	34.4228	0	26.818	0	234.5	0	78.5	0	19.44	0	0.01	0	0.000124	0	7.8439	0	7.6130	0
9313SoOcn	 3	C	12/18/2014	12:13	   7.855	-43.577		   190.98	0	  7.5544	0	34.3955	0	26.8	0	239.4	0	80.1	0	18.57	0	0.01	0	0.000132	0	7.8567	0	7.6241	0
9313SoOcn	 3	C	12/18/2014	12:13	   7.855	-43.577		   180.74	0	  7.6148	0	34.3914	0	26.787	0	244.4	0	81.9	0	18.47	0	0.01	0	0.000129	0	7.8577	0	7.6254	0
9313SoOcn	 3	C	12/18/2014	12:13	   7.855	-43.577		   171.59	0	  7.6276	0	34.3785	0	26.775	0	247.2	0	82.9	0	17.98	0	0.02	0	0.000124	0	7.8635	0	7.6306	0
9313SoOcn	 3	C	12/18/2014	12:13	   7.855	-43.577		   161.48	0	  7.6849	0	34.3840	0	26.771	0	249.9	0	83.9	0	17.41	0	0.01	0	0.000151	0	7.8735	0	7.6403	0
9313SoOcn	 3	C	12/18/2014	12:13	   7.855	-43.577		   151.52	0	  7.9116	0	34.4003	0	26.751	0	253.2	0	85.4	0	16.55	0	0.01	0	0.000132	0	7.8817	0	7.6507	0
9313SoOcn	 3	C	12/18/2014	12:13	   7.855	-43.577		   140.67	0	  7.6532	0	34.3381	0	26.738	0	261.9	0	87.8	0	16.85	0	0.01	0	0.000127	0	7.8844	0	7.6492	0
9313SoOcn	 3	C	12/18/2014	12:13	   7.855	-43.577		   130.97	0	  7.6490	0	34.3125	0	26.717	0	266.6	0	89.4	0	16.59	0	0.02	0	0.000134	0	7.8871	0	7.6513	0
9313SoOcn	 3	C	12/18/2014	12:13	   7.855	-43.577		   120.79	0	  7.9948	0	34.3410	0	26.689	0	263.4	0	89.0	0	15.81	0	0.04	0	0.000142	0	7.8909	0	7.6593	0
9313SoOcn	 3	C	12/18/2014	12:13	   7.855	-43.577		   111.24	0	  8.1063	0	34.3375	0	26.67	0	265.1	0	89.8	0	15.27	0	0.09	0	0.000145	0	7.8986	0	7.6677	0
9313SoOcn	 3	C	12/18/2014	12:13	   7.855	-43.577		   101.63	0	  8.2456	0	34.3345	0	26.646	0	268.7	0	91.3	0	14.70	0	0.13	0	0.000146	0	7.9090	0	7.6788	0
9313SoOcn	 3	C	12/18/2014	12:13	   7.855	-43.577		    94.52	0	  8.3409	0	34.2732	0	26.581	0	274.0	0	93.3	0	14.75	0	0.83	0	0.000256	0	7.9115	0	7.6823	0
9313SoOcn	 3	C	12/18/2014	12:13	   7.855	-43.577		    87.77	0	  8.2727	0	34.1894	0	26.522	0	279.2	0	94.9	0	15.70	0	1.53	0	0.000358	0	7.9119	0	7.6814	0
9313SoOcn	 3	C	12/18/2014	12:13	   7.855	-43.577		    81.27	0	  8.1657	0	34.1279	0	26.487	0	284.6	0	96.4	0	16.19	0	1.96	0	0.000428	0	7.9165	0	7.6839	0
9313SoOcn	 3	C	12/18/2014	12:13	   7.855	-43.577		    74.76	0	  8.1627	0	34.0920	0	26.458	0	287.5	0	97.4	0	16.40	0	2.64	0	0.000515	0	7.9186	0	7.6856	0
9313SoOcn	 3	C	12/18/2014	12:13	   7.855	-43.577		    68.11	0	  8.1703	0	34.0855	0	26.451	0	289.2	0	98.0	0	16.37	0	2.80	0	0.000511	0	7.9233	0	7.6898	0
9313SoOcn	 3	C	12/18/2014	12:13	   7.855	-43.577		    61.30	0	  8.2030	0	34.0778	0	26.44	0	290.5	0	98.5	0	16.26	0	3.10	0	0.000584	0	7.9237	0	7.6904	0
9313SoOcn	 3	C	12/18/2014	12:13	   7.855	-43.577		    54.08	0	  8.2030	0	34.0780	0	26.44	0	291.3	0	98.7	0	16.24	0	3.05	0	0.000563	0	7.9249	0	7.6913	0
9313SoOcn	 3	C	12/18/2014	12:13	   7.855	-43.577		    46.70	0	  8.1989	0	34.0782	0	26.441	0	291.5	0	98.8	0	16.23	0	3.25	0	0.000566	0	7.9244	0	7.6905	0
9313SoOcn	 3	C	12/18/2014	12:13	   7.855	-43.577		    40.14	0	  8.1996	0	34.0775	0	26.44	0	291.8	0	98.9	0	16.27	0	3.19	0	0.000574	0	7.9258	0	7.6915	0
9313SoOcn	 3	C	12/18/2014	12:13	   7.855	-43.577		    33.22	0	  8.2003	0	34.0778	0	26.44	0	291.9	0	99.0	0	16.26	0	3.00	0	0.000581	0	7.9261	0	7.6917	0
9313SoOcn	 3	C	12/18/2014	12:13	   7.855	-43.577		    25.92	0	  8.1998	0	34.0779	0	26.44	0	292.1	0	99.0	0	16.36	0	2.87	0	0.000557	0	7.9271	0	7.6923	0
9313SoOcn	 3	C	12/18/2014	12:13	   7.855	-43.577		    18.70	0	  8.2125	0	34.0787	0	26.439	0	292.4	0	99.1	0	16.32	0	2.04	0	0.000593	0	7.9288	0	7.6938	0
9313SoOcn	 3	C	12/18/2014	12:13	   7.855	-43.577		    11.81	0	  8.2151	0	34.0785	0	26.438	0	292.7	0	99.2	0	16.30	0	1.10	0	0.000533	0	7.9299	0	7.6946	0
9313SoOcn	 3	C	12/18/2014	12:13	   7.855	-43.577		     5.72	0	  8.2285	0	34.0783	0	26.436	0	293.2	0	99.4	0	16.36	0	0.68	0	0.000590	0	7.9329	0	7.6973	0
9313SoOcn	 3	C	12/18/2014	12:13	   7.855	-43.577																					
9313SoOcn	 4	C	12/23/2014	18:59	   7.892	-43.212		  1998.96	0	  2.5545	0	34.7602	0	27.702	0	195.8	0	58.3	0	26.39	0	0.01	0	0.000091	0	7.7655	0	7.5299	0
9313SoOcn	 4	C	12/23/2014	18:59	   7.892	-43.212		  1899.55	0	  2.5755	0	34.7468	0	27.689	0	192.2	0	57.2	0	27.10	0	0.00	0	0.000092	0	7.7618	0	7.5236	0
9313SoOcn	 4	C	12/23/2014	18:59	   7.892	-43.212		  1798.72	0	  2.6137	0	34.7303	0	27.672	0	188.9	0	56.3	0	27.81	0	0.01	0	0.000092	0	7.7562	0	7.5156	0
9313SoOcn	 4	C	12/23/2014	18:59	   7.892	-43.212		  1699.59	0	  2.6221	0	34.6897	0	27.638	0	181.1	0	54.0	0	29.24	0	0.00	0	0.000095	0	7.7389	0	7.4966	0
9313SoOcn	 4	C	12/23/2014	18:59	   7.892	-43.212		  1598.88	0	  2.6587	0	34.6577	0	27.609	0	177.0	0	52.8	0	30.12	0	0.01	0	0.000097	0	7.7295	0	7.4852	0
9313SoOcn	 4	C	12/23/2014	18:59	   7.892	-43.212		  1499.43	0	  2.6563	0	34.6119	0	27.571	0	172.8	0	51.5	0	31.12	0	0.01	0	0.000100	0	7.7174	0	7.4708	0
9313SoOcn	 4	C	12/23/2014	18:59	   7.892	-43.212		  1399.35	0	  2.7130	0	34.5731	0	27.534	0	172.5	0	51.5	0	31.70	0	0.02	0	0.000878	0	7.7155	0	7.4665	0
9313SoOcn	 4	C	12/23/2014	18:59	   7.892	-43.212		  1298.86	0	  2.7860	0	34.5170	0	27.481	0	175.8	0	52.6	0	32.01	0	0.01	0	0.000353	0	7.7178	0	7.4664	0
9313SoOcn	 4	C	12/23/2014	18:59	   7.892	-43.212		  1198.13	0	  2.8312	0	34.4749	0	27.442	0	178.3	0	53.4	0	32.34	0	0.01	0	0.000102	0	7.7193	0	7.4651	0
9313SoOcn	 4	C	12/23/2014	18:59	   7.892	-43.212		  1098.81	0	  2.9173	0	34.4190	0	27.388	0	184.7	0	55.3	0	32.34	0	0.00	0	0.000102	0	7.7250	0	7.4682	0
9313SoOcn	 4	C	12/23/2014	18:59	   7.892	-43.212		   999.98	0	  2.9966	0	34.3628	0	27.334	0	193.8	0	58.2	0	32.02	0	0.01	0	0.000100	0	7.7366	0	7.4767	0
9313SoOcn	 4	C	12/23/2014	18:59	   7.892	-43.212		   951.57	0	  3.0432	0	34.3266	0	27.3	0	199.9	0	60.1	0	31.73	0	-0.01	0	0.000097	0	7.7423	0	7.4810	0
9313SoOcn	 4	C	12/23/2014	18:59	   7.892	-43.212		   900.81	0	  3.0982	0	34.3031	0	27.275	0	205.5	0	61.8	0	31.52	0	0.00	0	0.000100	0	7.7499	0	7.4870	0
9313SoOcn	 4	C	12/23/2014	18:59	   7.892	-43.212		   851.53	0	  3.1885	0	34.2841	0	27.25	0	210.8	0	63.5	0	31.12	0	0.01	0	0.000102	0	7.7591	0	7.4951	0
9313SoOcn	 4	C	12/23/2014	18:59	   7.892	-43.212		   800.81	0	  3.2851	0	34.2587	0	27.219	0	217.6	0	65.7	0	30.59	0	0.01	0	0.000103	0	7.7691	0	7.5039	0
9313SoOcn	 4	C	12/23/2014	18:59	   7.892	-43.212		   750.55	0	  3.3807	0	34.2356	0	27.191	0	224.0	0	67.8	0	30.05	0	0.00	0	0.000105	0	7.7784	0	7.5122	0
9313SoOcn	 4	C	12/23/2014	18:59	   7.892	-43.212		   700.98	0	  3.5508	0	34.2212	0	27.161	0	228.2	0	69.4	0	29.56	0	0.01	0	0.000108	0	7.7861	0	7.5199	0
9313SoOcn	 4	C	12/23/2014	18:59	   7.892	-43.212		   650.72	0	  3.6825	0	34.1955	0	27.125	0	236.2	0	72.0	0	28.82	0	-0.01	0	0.000113	0	7.7972	0	7.5303	0
9313SoOcn	 4	C	12/23/2014	18:59	   7.892	-43.212		   600.76	0	  3.7920	0	34.1741	0	27.096	0	244.3	0	74.7	0	28.22	0	0.00	0	0.000108	0	7.8062	0	7.5384	0
9313SoOcn	 4	C	12/23/2014	18:59	   7.892	-43.212		   551.67	0	  3.9290	0	34.1614	0	27.07	0	249.9	0	76.7	0	27.55	0	0.00	0	0.000105	0	7.8133	0	7.5452	0
9313SoOcn	 4	C	12/23/2014	18:59	   7.892	-43.212		   501.54	0	  4.0936	0	34.1568	0	27.048	0	252.9	0	77.9	0	27.12	0	-0.01	0	0.000110	0	7.8182	0	7.5504	0
9313SoOcn	 4	C	12/23/2014	18:59	   7.892	-43.212		   451.11	0	  4.3406	0	34.1626	0	27.025	0	253.2	0	78.4	0	26.61	0	-0.01	0	0.000110	0	7.8220	0	7.5556	0
9313SoOcn	 4	C	12/23/2014	18:59	   7.892	-43.212		   400.71	0	  4.6656	0	34.1823	0	27.003	0	250.1	0	78.1	0	26.18	0	-0.01	0	0.000111	0	7.8187	0	7.5554	0
9313SoOcn	 4	C	12/23/2014	18:59	   7.892	-43.212		   381.22	0	  4.8173	0	34.1938	0	26.995	0	247.9	0	77.7	0	25.92	0	0.01	0	0.000115	0	7.8183	0	7.5565	0
9313SoOcn	 4	C	12/23/2014	18:59	   7.892	-43.212		   360.85	0	  4.9733	0	34.2035	0	26.984	0	245.7	0	77.3	0	25.78	0	0.00	0	0.000118	0	7.8175	0	7.5574	0
9313SoOcn	 4	C	12/23/2014	18:59	   7.892	-43.212		   351.69	0	  5.0775	0	34.2122	0	26.979	0	244.3	0	77.1	0	25.65	0	-0.01	0	0.000111	0	7.8151	0	7.5563	0
9313SoOcn	 4	C	12/23/2014	18:59	   7.892	-43.212		   340.81	0	  5.1835	0	34.2213	0	26.973	0	242.4	0	76.7	0	25.49	0	0.00	0	0.000113	0	7.8159	0	7.5582	0
9313SoOcn	 4	C	12/23/2014	18:59	   7.892	-43.212		   331.30	0	  5.2023	0	34.2215	0	26.971	0	242.7	0	76.8	0	25.41	0	-0.01	0	0.000118	0	7.8162	0	7.5583	0
9313SoOcn	 4	C	12/23/2014	18:59	   7.892	-43.212		   320.87	0	  5.3339	0	34.2310	0	26.963	0	241.4	0	76.6	0	25.23	0	0.01	0	0.000124	0	7.8154	0	7.5591	0
9313SoOcn	 4	C	12/23/2014	18:59	   7.892	-43.212		   311.54	0	  5.5282	0	34.2455	0	26.95	0	239.8	0	76.5	0	24.80	0	-0.01	0	0.000123	0	7.8176	0	7.5635	0
9313SoOcn	 4	C	12/23/2014	18:59	   7.892	-43.212		   301.10	0	  5.7569	0	34.2667	0	26.939	0	237.9	0	76.3	0	24.48	0	-0.01	0	0.000123	0	7.8178	0	7.5666	0
9313SoOcn	 4	C	12/23/2014	18:59	   7.892	-43.212		   291.17	0	  5.9846	0	34.2869	0	26.926	0	235.7	0	76.0	0	23.98	0	0.00	0	0.000143	0	7.8174	0	7.5691	0
9313SoOcn	 4	C	12/23/2014	18:59	   7.892	-43.212		   281.51	0	  6.0964	0	34.2977	0	26.92	0	235.0	0	76.0	0	23.60	0	0.01	0	0.000121	0	7.8197	0	7.5724	0
9313SoOcn	 4	C	12/23/2014	18:59	   7.892	-43.212		   270.71	0	  6.3382	0	34.3208	0	26.907	0	232.8	0	75.7	0	23.27	0	0.01	0	0.000129	0	7.8180	0	7.5740	0
9313SoOcn	 4	C	12/23/2014	18:59	   7.892	-43.212		   261.10	0	  6.5303	0	34.3386	0	26.896	0	231.3	0	75.6	0	22.74	0	0.01	0	0.000130	0	7.8198	0	7.5780	0
9313SoOcn	 4	C	12/23/2014	18:59	   7.892	-43.212		   250.64	0	  6.6891	0	34.3524	0	26.886	0	230.6	0	75.6	0	22.43	0	0.00	0	0.000121	0	7.8211	0	7.5811	0
9313SoOcn	 4	C	12/23/2014	18:59	   7.892	-43.212		   241.50	0	  6.7112	0	34.3548	0	26.885	0	231.0	0	75.8	0	22.23	0	0.01	0	0.000130	0	7.8255	0	7.5851	0
9313SoOcn	 4	C	12/23/2014	18:59	   7.892	-43.212		   231.19	0	  6.7861	0	34.3564	0	26.876	0	232.5	0	76.4	0	21.68	0	0.00	0	0.000119	0	7.8299	0	7.5899	0
9313SoOcn	 4	C	12/23/2014	18:59	   7.892	-43.212		   220.88	0	  6.9164	0	34.3601	0	26.861	0	234.7	0	77.4	0	21.06	0	0.01	0	0.000121	0	7.8386	0	7.5994	0
9313SoOcn	 4	C	12/23/2014	18:59	   7.892	-43.212		   210.92	0	  7.1138	0	34.3723	0	26.843	0	236.5	0	78.4	0	20.43	0	0.01	0	0.000169	0	7.8441	0	7.6069	0
9313SoOcn	 4	C	12/23/2014	18:59	   7.892	-43.212		   200.92	0	  7.5063	0	34.4120	0	26.82	0	236.0	0	78.9	0	19.24	0	0.01	0	0.000180	0	7.8524	0	7.6197	0
9313SoOcn	 4	C	12/23/2014	18:59	   7.892	-43.212		   191.19	0	  7.6607	0	34.4210	0	26.805	0	238.9	0	80.2	0	18.62	0	0.00	0	0.000130	0	7.8552	0	7.6241	0
9313SoOcn	 4	C	12/23/2014	18:59	   7.892	-43.212		   181.61	0	  7.7873	0	34.4212	0	26.787	0	241.2	0	81.2	0	17.89	0	0.01	0	0.000126	0	7.8614	0	7.6313	0
9313SoOcn	 4	C	12/23/2014	18:59	   7.892	-43.212		   171.10	0	  7.8999	0	34.4239	0	26.772	0	243.9	0	82.3	0	17.52	0	0.01	0	0.000135	0	7.8663	0	7.6370	0
9313SoOcn	 4	C	12/23/2014	18:59	   7.892	-43.212		   161.07	0	  8.1573	0	34.4345	0	26.743	0	246.1	0	83.5	0	16.00	0	0.04	0	0.000132	0	7.8821	0	7.6549	0
9313SoOcn	 4	C	12/23/2014	18:59	   7.892	-43.212		   149.05	0	  8.3998	0	34.4612	0	26.728	0	259.1	0	88.4	0	14.50	0	0.05	0	0.000126	0	7.8973	0	7.6719	0
9313SoOcn	 4	C	12/23/2014	18:59	   7.892	-43.212		   139.67	0	  8.3503	0	34.4368	0	26.715	0	261.2	0	89.0	0	15.31	0	0.06	0	0.000135	0	7.8852	0	7.6598	0
9313SoOcn	 4	C	12/23/2014	18:59	   7.892	-43.212		   130.68	0	  8.2538	0	34.3985	0	26.698	0	259.9	0	88.4	0	15.06	0	0.06	0	0.000165	0	7.8952	0	7.6672	0
9313SoOcn	 4	C	12/23/2014	18:59	   7.892	-43.212		   120.88	0	  8.2836	0	34.3990	0	26.694	0	263.5	0	89.7	0	14.76	0	0.10	0	0.000167	0	7.9003	0	7.6721	0
9313SoOcn	 4	C	12/23/2014	18:59	   7.892	-43.212		   111.47	0	  8.2179	0	34.3749	0	26.684	0	268.1	0	91.1	0	14.60	0	0.20	0	0.000340	0	7.9044	0	7.6746	0
9313SoOcn	 4	C	12/23/2014	18:59	   7.892	-43.212		   100.73	0	  8.2556	0	34.3703	0	26.675	0	271.9	0	92.5	0	14.39	0	0.19	0	0.000169	0	7.9084	0	7.6784	0
9313SoOcn	 4	C	12/23/2014	18:59	   7.892	-43.212		    92.48	0	  8.3373	0	34.3740	0	26.665	0	272.6	0	92.9	0	13.94	0	0.28	0	0.000186	0	7.9103	0	7.6811	0
9313SoOcn	 4	C	12/23/2014	18:59	   7.892	-43.212		    84.32	0	  8.3289	0	34.3366	0	26.635	0	275.0	0	93.6	0	14.25	0	0.42	0	0.000237	0	7.9103	0	7.6806	0
9313SoOcn	 4	C	12/23/2014	18:59	   7.892	-43.212		    77.12	0	  8.2225	0	34.2366	0	26.569	0	278.7	0	94.6	0	15.40	0	0.86	0	0.000318	0	7.9124	0	7.6808	0
9313SoOcn	 4	C	12/23/2014	18:59	   7.892	-43.212		    70.68	0	  8.0859	0	34.0680	0	26.449	0	284.6	0	96.2	0	16.75	0	1.66	0	0.000504	0	7.9149	0	7.6810	0
9313SoOcn	 4	C	12/23/2014	18:59	   7.892	-43.212		    64.77	0	  8.1129	0	34.0593	0	26.438	0	287.1	0	97.1	0	16.84	0	2.02	0	0.000473	0	7.9169	0	7.6830	0
9313SoOcn	 4	C	12/23/2014	18:59	   7.892	-43.212		    58.55	0	  8.1042	0	34.0505	0	26.432	0	288.6	0	97.6	0	16.93	0	2.43	0	0.000636	0	7.9190	0	7.6846	0
9313SoOcn	 4	C	12/23/2014	18:59	   7.892	-43.212		    52.48	0	  8.0714	0	34.0340	0	26.423	0	290.8	0	98.3	0	16.86	0	3.46	0	0.000697	0	7.9239	0	7.6884	0
9313SoOcn	 4	C	12/23/2014	18:59	   7.892	-43.212		    46.61	0	  8.0933	0	34.0356	0	26.421	0	292.6	0	98.9	0	16.79	0	3.76	0	0.000972	0	7.9258	0	7.6902	0
9313SoOcn	 4	C	12/23/2014	18:59	   7.892	-43.212		    40.95	0	  8.0977	0	34.0353	0	26.42	0	293.4	0	99.2	0	16.74	0	3.79	0	0.000700	0	7.9260	0	7.6903	0
9313SoOcn	 4	C	12/23/2014	18:59	   7.892	-43.212		    34.88	0	  8.1088	0	34.0371	0	26.42	0	293.7	0	99.3	0	16.79	0	3.85	0	0.000630	0	7.9282	0	7.6923	0
9313SoOcn	 4	C	12/23/2014	18:59	   7.892	-43.212		    29.11	0	  8.1362	0	34.0380	0	26.417	0	294.0	0	99.5	0	16.68	0	4.00	0	0.000648	0	7.9306	0	7.6947	0
9313SoOcn	 4	C	12/23/2014	18:59	   7.892	-43.212		    23.69	0	  8.1809	0	34.0217	0	26.396	0	295.1	0	100.0	0	16.67	0	4.19	0	0.000788	0	7.9356	0	7.6998	0
9313SoOcn	 4	C	12/23/2014	18:59	   7.892	-43.212		    18.51	0	  8.3060	0	34.0222	0	26.378	0	296.3	0	100.6	0	16.42	0	3.99	0	0.000724	0	7.9373	0	7.7029	0
9313SoOcn	 4	C	12/23/2014	18:59	   7.892	-43.212		    13.51	0	  8.3417	0	34.0262	0	26.376	0	297.0	0	101.0	0	16.29	0	4.05	0	0.000813	0	7.9401	0	7.7058	0
9313SoOcn	 4	C	12/23/2014	18:59	   7.892	-43.212		     9.28	0	  8.3846	0	34.0305	0	26.373	0	297.6	0	101.3	0	16.18	0	3.74	0	0.000675	0	7.9452	0	7.7110	0
9313SoOcn	 4	C	12/23/2014	18:59	   7.892	-43.212		     5.73	0	  8.5618	0	34.0477	0	26.36	0	297.1	0	101.5	0	15.86	0	4.00	0	0.000679	0	7.9451	0	7.7133	0
9313SoOcn	 4	C	12/23/2014	18:59	   7.892	-43.212																					
9313SoOcn	 5	C	12/29/2014	02:09	   7.501	-43.083		  1999.13	0	  2.6185	0	34.7597	0	27.696	0	195.7	0	58.3	0	26.20	0	0.01	0	0.000094	0	7.7653	0	7.5306	0
9313SoOcn	 5	C	12/29/2014	02:09	   7.501	-43.083		  1899.54	0	  2.6518	0	34.7397	0	27.676	0	191.9	0	57.3	0	27.16	0	0.00	0	0.000095	0	7.7588	0	7.5218	0
9313SoOcn	 5	C	12/29/2014	02:09	   7.501	-43.083		  1798.38	0	  2.6755	0	34.7189	0	27.657	0	187.7	0	56.0	0	27.84	0	0.01	0	0.000094	0	7.7514	0	7.5120	0
9313SoOcn	 5	C	12/29/2014	02:09	   7.501	-43.083		  1698.68	0	  2.6847	0	34.6814	0	27.625	0	181.8	0	54.3	0	28.99	0	0.01	0	0.000094	0	7.7379	0	7.4965	0
9313SoOcn	 5	C	12/29/2014	02:09	   7.501	-43.083		  1599.37	0	  2.6786	0	34.6516	0	27.602	0	178.0	0	53.1	0	30.16	0	0.03	0	0.000095	0	7.7284	0	7.4845	0
9313SoOcn	 5	C	12/29/2014	02:09	   7.501	-43.083		  1499.70	0	  2.6614	0	34.6106	0	27.57	0	174.0	0	51.9	0	31.16	0	0.01	0	0.000099	0	7.7180	0	7.4714	0
9313SoOcn	 5	C	12/29/2014	02:09	   7.501	-43.083		  1399.50	0	  2.6784	0	34.5687	0	27.534	0	171.2	0	51.0	0	31.88	0	0.01	0	0.000099	0	7.7115	0	7.4624	0
9313SoOcn	 5	C	12/29/2014	02:09	   7.501	-43.083		  1299.26	0	  2.7549	0	34.5254	0	27.491	0	173.7	0	51.9	0	32.12	0	0.01	0	0.000095	0	7.7137	0	7.4622	0
9313SoOcn	 5	C	12/29/2014	02:09	   7.501	-43.083		  1198.85	0	  2.8652	0	34.4742	0	27.438	0	179.5	0	53.8	0	32.16	0	0.01	0	0.000103	0	7.7202	0	7.4664	0
9313SoOcn	 5	C	12/29/2014	02:09	   7.501	-43.083		  1099.17	0	  2.9258	0	34.4076	0	27.378	0	186.0	0	55.8	0	32.22	0	0.01	0	0.000113	0	7.7245	0	7.4679	0
9313SoOcn	 5	C	12/29/2014	02:09	   7.501	-43.083		   999.64	0	  3.0091	0	34.3530	0	27.325	0	194.6	0	58.4	0	32.02	0	0.01	0	0.000138	0	7.7368	0	7.4771	0
9313SoOcn	 5	C	12/29/2014	02:09	   7.501	-43.083		   949.49	0	  3.0410	0	34.3232	0	27.297	0	200.6	0	60.3	0	31.79	0	0.01	0	0.000100	0	7.7409	0	7.4796	0
9313SoOcn	 5	C	12/29/2014	02:09	   7.501	-43.083		   901.41	0	  3.1570	0	34.2941	0	27.262	0	207.8	0	62.6	0	31.19	0	0.01	0	0.000099	0	7.7535	0	7.4911	0
9313SoOcn	 5	C	12/29/2014	02:09	   7.501	-43.083		   851.19	0	  3.2243	0	34.2713	0	27.236	0	214.4	0	64.7	0	30.76	0	0.00	0	0.000107	0	7.7614	0	7.4977	0
9313SoOcn	 5	C	12/29/2014	02:09	   7.501	-43.083		   801.73	0	  3.3026	0	34.2519	0	27.212	0	219.8	0	66.4	0	30.40	0	-0.01	0	0.000102	0	7.7678	0	7.5030	0
9313SoOcn	 5	C	12/29/2014	02:09	   7.501	-43.083		   751.39	0	  3.4140	0	34.2403	0	27.191	0	223.2	0	67.6	0	30.11	0	0.00	0	0.000105	0	7.7744	0	7.5090	0
9313SoOcn	 5	C	12/29/2014	02:09	   7.501	-43.083		   701.00	0	  3.5527	0	34.2171	0	27.157	0	229.2	0	69.7	0	29.59	0	0.00	0	0.000108	0	7.7851	0	7.5190	0
9313SoOcn	 5	C	12/29/2014	02:09	   7.501	-43.083		   651.57	0	  3.7335	0	34.1991	0	27.123	0	236.5	0	72.2	0	28.75	0	0.00	0	0.000108	0	7.7956	0	7.5295	0
9313SoOcn	 5	C	12/29/2014	02:09	   7.501	-43.083		   601.43	0	  3.9098	0	34.1878	0	27.094	0	240.7	0	73.8	0	28.02	0	0.01	0	0.000110	0	7.8041	0	7.5382	0
9313SoOcn	 5	C	12/29/2014	02:09	   7.501	-43.083		   551.21	0	  4.1136	0	34.1784	0	27.064	0	245.6	0	75.7	0	27.31	0	0.01	0	0.000107	0	7.8086	0	7.5434	0
9313SoOcn	 5	C	12/29/2014	02:09	   7.501	-43.083		   501.05	0	  4.2496	0	34.1727	0	27.044	0	248.7	0	76.9	0	27.02	0	0.01	0	0.000113	0	7.8138	0	7.5484	0
9313SoOcn	 5	C	12/29/2014	02:09	   7.501	-43.083		   451.27	0	  4.4793	0	34.1732	0	27.018	0	250.6	0	77.9	0	26.38	0	0.00	0	0.000108	0	7.8165	0	7.5524	0
9313SoOcn	 5	C	12/29/2014	02:09	   7.501	-43.083		   401.21	0	  5.0313	0	34.2112	0	26.983	0	243.4	0	76.7	0	25.78	0	0.00	0	0.000111	0	7.8109	0	7.5534	0
9313SoOcn	 5	C	12/29/2014	02:09	   7.501	-43.083		   381.61	0	  5.2146	0	34.2205	0	26.969	0	241.7	0	76.5	0	25.22	0	0.00	0	0.000115	0	7.8120	0	7.5563	0
9313SoOcn	 5	C	12/29/2014	02:09	   7.501	-43.083		   361.61	0	  5.4100	0	34.2348	0	26.956	0	240.8	0	76.6	0	24.85	0	0.00	0	0.000115	0	7.8136	0	7.5599	0
9313SoOcn	 5	C	12/29/2014	02:09	   7.501	-43.083		   351.15	0	  5.5598	0	34.2476	0	26.948	0	239.8	0	76.5	0	24.65	0	-0.01	0	0.000111	0	7.8147	0	7.5627	0
9313SoOcn	 5	C	12/29/2014	02:09	   7.501	-43.083		   341.63	0	  5.7373	0	34.2659	0	26.94	0	237.6	0	76.2	0	24.36	0	0.00	0	0.000119	0	7.8134	0	7.5636	0
9313SoOcn	 5	C	12/29/2014	02:09	   7.501	-43.083		   330.70	0	  5.8564	0	34.2760	0	26.933	0	236.0	0	75.9	0	24.18	0	-0.01	0	0.000118	0	7.8135	0	7.5650	0
9313SoOcn	 5	C	12/29/2014	02:09	   7.501	-43.083		   321.31	0	  5.9380	0	34.2832	0	26.929	0	235.5	0	75.9	0	24.00	0	0.00	0	0.000118	0	7.8164	0	7.5685	0
9313SoOcn	 5	C	12/29/2014	02:09	   7.501	-43.083		   310.90	0	  6.1904	0	34.3057	0	26.914	0	234.3	0	75.9	0	23.37	0	0.01	0	0.000118	0	7.8176	0	7.5729	0
9313SoOcn	 5	C	12/29/2014	02:09	   7.501	-43.083		   300.56	0	  6.3352	0	34.3215	0	26.908	0	232.9	0	75.8	0	23.05	0	0.00	0	0.000121	0	7.8180	0	7.5749	0
9313SoOcn	 5	C	12/29/2014	02:09	   7.501	-43.083		   290.88	0	  6.4715	0	34.3330	0	26.899	0	232.6	0	75.9	0	22.70	0	0.01	0	0.000119	0	7.8194	0	7.5778	0
9313SoOcn	 5	C	12/29/2014	02:09	   7.501	-43.083		   281.54	0	  6.5448	0	34.3399	0	26.895	0	232.3	0	75.9	0	22.36	0	-0.01	0	0.000124	0	7.8237	0	7.5825	0
9313SoOcn	 5	C	12/29/2014	02:09	   7.501	-43.083		   271.20	0	  6.7029	0	34.3502	0	26.882	0	232.6	0	76.3	0	21.98	0	0.01	0	0.000150	0	7.8283	0	7.5886	0
9313SoOcn	 5	C	12/29/2014	02:09	   7.501	-43.083		   261.71	0	  6.9231	0	34.3726	0	26.87	0	232.6	0	76.7	0	21.43	0	0.00	0	0.000130	0	7.8268	0	7.5900	0
9313SoOcn	 5	C	12/29/2014	02:09	   7.501	-43.083		   251.42	0	  7.1250	0	34.3914	0	26.857	0	231.2	0	76.6	0	20.95	0	0.01	0	0.000121	0	7.8282	0	7.5938	0
9313SoOcn	 5	C	12/29/2014	02:09	   7.501	-43.083		   241.22	0	  7.2985	0	34.4063	0	26.845	0	231.3	0	77.0	0	20.32	0	0.00	0	0.000123	0	7.8361	0	7.6032	0
9313SoOcn	 5	C	12/29/2014	02:09	   7.501	-43.083		   231.17	0	  7.5837	0	34.4284	0	26.823	0	232.6	0	77.9	0	19.30	0	0.00	0	0.000140	0	7.8391	0	7.6097	0
9313SoOcn	 5	C	12/29/2014	02:09	   7.501	-43.083		   221.51	0	  7.8643	0	34.4477	0	26.797	0	232.6	0	78.4	0	18.17	0	0.01	0	0.000164	0	7.8488	0	7.6222	0
9313SoOcn	 5	C	12/29/2014	02:09	   7.501	-43.083		   211.12	0	  7.9552	0	34.4448	0	26.782	0	238.3	0	80.5	0	17.54	0	-0.01	0	0.000127	0	7.8590	0	7.6325	0
9313SoOcn	 5	C	12/29/2014	02:09	   7.501	-43.083		   201.64	0	  8.0246	0	34.4461	0	26.772	0	243.1	0	82.3	0	16.90	0	0.00	0	0.000124	0	7.8664	0	7.6399	0
9313SoOcn	 5	C	12/29/2014	02:09	   7.501	-43.083		   191.20	0	  8.1779	0	34.4568	0	26.758	0	249.2	0	84.6	0	15.55	0	0.03	0	0.000124	0	7.8857	0	7.6594	0
9313SoOcn	 5	C	12/29/2014	02:09	   7.501	-43.083		   181.60	0	  8.2906	0	34.4524	0	26.737	0	256.3	0	87.3	0	14.93	0	0.02	0	0.000127	0	7.8912	0	7.6658	0
9313SoOcn	 5	C	12/29/2014	02:09	   7.501	-43.083		   171.06	0	  8.3086	0	34.4461	0	26.729	0	261.1	0	88.9	0	14.83	0	0.04	0	0.000134	0	7.8898	0	7.6644	0
9313SoOcn	 5	C	12/29/2014	02:09	   7.501	-43.083		   161.15	0	  8.1763	0	34.4082	0	26.718	0	262.8	0	89.2	0	15.21	0	0.04	0	0.000134	0	7.8884	0	7.6609	0
9313SoOcn	 5	C	12/29/2014	02:09	   7.501	-43.083		   150.16	0	  8.0142	0	34.3456	0	26.69	0	264.7	0	89.5	0	15.17	0	0.02	0	0.000134	0	7.8979	0	7.6669	0
9313SoOcn	 5	C	12/29/2014	02:09	   7.501	-43.083		   140.83	0	  8.2715	0	34.3589	0	26.663	0	264.8	0	90.1	0	14.61	0	0.06	0	0.000154	0	7.8964	0	7.6689	0
9313SoOcn	 5	C	12/29/2014	02:09	   7.501	-43.083		   131.27	0	  8.2579	0	34.3354	0	26.645	0	267.1	0	90.8	0	14.52	0	0.11	0	0.000193	0	7.9022	0	7.6737	0
9313SoOcn	 5	C	12/29/2014	02:09	   7.501	-43.083		   121.09	0	  8.3272	0	34.2864	0	26.594	0	270.7	0	92.2	0	14.60	0	0.69	0	0.000240	0	7.9093	0	7.6809	0
9313SoOcn	 5	C	12/29/2014	02:09	   7.501	-43.083		   111.16	0	  8.3491	0	34.1863	0	26.507	0	276.9	0	94.2	0	14.96	0	1.69	0	0.000426	0	7.9150	0	7.6862	0
9313SoOcn	 5	C	12/29/2014	02:09	   7.501	-43.083		   101.67	0	  8.3378	0	34.1475	0	26.477	0	281.2	0	95.6	0	15.04	0	2.27	0	0.000527	0	7.9196	0	7.6899	0
9313SoOcn	 5	C	12/29/2014	02:09	   7.501	-43.083		    94.76	0	  8.3539	0	34.1270	0	26.457	0	283.5	0	96.5	0	15.13	0	2.65	0	0.000578	0	7.9212	0	7.6913	0
9313SoOcn	 5	C	12/29/2014	02:09	   7.501	-43.083		    87.87	0	  8.3394	0	34.1164	0	26.451	0	284.6	0	96.8	0	15.27	0	2.95	0	0.000617	0	7.9243	0	7.6938	0
9313SoOcn	 5	C	12/29/2014	02:09	   7.501	-43.083		    80.74	0	  8.3372	0	34.1098	0	26.446	0	285.6	0	97.1	0	15.25	0	3.43	0	0.000590	0	7.9254	0	7.6945	0
9313SoOcn	 5	C	12/29/2014	02:09	   7.501	-43.083		    73.62	0	  8.3344	0	34.1075	0	26.444	0	286.6	0	97.4	0	15.34	0	3.71	0	0.000652	0	7.9268	0	7.6955	0
9313SoOcn	 5	C	12/29/2014	02:09	   7.501	-43.083		    66.32	0	  8.3377	0	34.1074	0	26.444	0	287.6	0	97.8	0	15.23	0	3.95	0	0.000582	0	7.9281	0	7.6965	0
9313SoOcn	 5	C	12/29/2014	02:09	   7.501	-43.083		    59.24	0	  8.3467	0	34.1090	0	26.444	0	287.6	0	97.8	0	15.24	0	4.49	0	0.000683	0	7.9309	0	7.6989	0
9313SoOcn	 5	C	12/29/2014	02:09	   7.501	-43.083		    51.80	0	  8.3477	0	34.1054	0	26.44	0	288.5	0	98.1	0	15.15	0	4.85	0	0.000670	0	7.9340	0	7.7016	0
9313SoOcn	 5	C	12/29/2014	02:09	   7.501	-43.083		    45.12	0	  8.3502	0	34.1013	0	26.437	0	290.2	0	98.7	0	15.09	0	4.77	0	0.000581	0	7.9371	0	7.7042	0
9313SoOcn	 5	C	12/29/2014	02:09	   7.501	-43.083		    38.15	0	  8.3805	0	34.1034	0	26.434	0	291.6	0	99.3	0	14.96	0	5.32	0	0.000662	0	7.9410	0	7.7080	0
9313SoOcn	 5	C	12/29/2014	02:09	   7.501	-43.083		    31.55	0	  8.4023	0	34.1040	0	26.431	0	292.9	0	99.8	0	14.87	0	5.00	0	0.000624	0	7.9427	0	7.7097	0
9313SoOcn	 5	C	12/29/2014	02:09	   7.501	-43.083		    25.13	0	  8.4237	0	34.1050	0	26.428	0	294.2	0	100.3	0	14.74	0	5.14	0	0.000651	0	7.9461	0	7.7129	0
9313SoOcn	 5	C	12/29/2014	02:09	   7.501	-43.083		    18.79	0	  8.5474	0	34.1148	0	26.418	0	294.1	0	100.5	0	14.61	0	4.84	0	0.000681	0	7.9451	0	7.7135	0
9313SoOcn	 5	C	12/29/2014	02:09	   7.501	-43.083		    12.43	0	  8.7222	0	34.1288	0	26.402	0	293.3	0	100.6	0	14.32	0	3.66	0	0.000643	0	7.9462	0	7.7168	0
9313SoOcn	 5	C	12/29/2014	02:09	   7.501	-43.083		     6.68	0	  9.2334	0	34.1570	0	26.344	0	288.9	0	100.3	0	13.99	0	2.97	0	0.000506	0	7.9400	0	7.7182	0
9313SoOcn	 5	C	12/29/2014	02:09	   7.501	-43.083																					
9313SoOcn	 6	C	01/03/2015	08:23	   7.004	-43.009		  1998.17	0	  2.6092	0	34.7583	0	27.695	0	194.8	0	58.1	0	26.30	0	0.01	0	0.000095	0	7.7630	0	7.5284	0
9313SoOcn	 6	C	01/03/2015	08:23	   7.004	-43.009		  1899.86	0	  2.6566	0	34.7396	0	27.676	0	190.9	0	57.0	0	26.96	0	0.02	0	0.000094	0	7.7571	0	7.5204	0
9313SoOcn	 6	C	01/03/2015	08:23	   7.004	-43.009		  1798.70	0	  2.6779	0	34.7107	0	27.65	0	185.8	0	55.5	0	28.00	0	0.01	0	0.000094	0	7.7463	0	7.5075	0
9313SoOcn	 6	C	01/03/2015	08:23	   7.004	-43.009		  1699.42	0	  2.7017	0	34.6817	0	27.624	0	182.2	0	54.4	0	28.84	0	0.01	0	0.000097	0	7.7385	0	7.4973	0
9313SoOcn	 6	C	01/03/2015	08:23	   7.004	-43.009		  1599.10	0	  2.7166	0	34.6386	0	27.587	0	177.7	0	53.1	0	30.04	0	0.01	0	0.000097	0	7.7254	0	7.4822	0
9313SoOcn	 6	C	01/03/2015	08:23	   7.004	-43.009		  1498.83	0	  2.7143	0	34.5952	0	27.552	0	174.4	0	52.1	0	30.96	0	0.01	0	0.000095	0	7.7173	0	7.4715	0
9313SoOcn	 6	C	01/03/2015	08:23	   7.004	-43.009		  1399.41	0	  2.7194	0	34.5471	0	27.512	0	172.5	0	51.5	0	31.86	0	0.02	0	0.000102	0	7.7097	0	7.4613	0
9313SoOcn	 6	C	01/03/2015	08:23	   7.004	-43.009		  1298.86	0	  2.7635	0	34.5191	0	27.485	0	174.1	0	52.0	0	31.98	0	0.01	0	0.000099	0	7.7125	0	7.4612	0
9313SoOcn	 6	C	01/03/2015	08:23	   7.004	-43.009		  1199.53	0	  2.8620	0	34.4662	0	27.432	0	179.6	0	53.8	0	32.10	0	0.01	0	0.000099	0	7.7166	0	7.4631	0
9313SoOcn	 6	C	01/03/2015	08:23	   7.004	-43.009		  1097.15	0	  2.9218	0	34.3965	0	27.369	0	186.8	0	56.0	0	32.38	0	0.01	0	0.000100	0	7.7221	0	7.4655	0
9313SoOcn	 6	C	01/03/2015	08:23	   7.004	-43.009		   999.03	0	  3.0312	0	34.3407	0	27.313	0	197.9	0	59.5	0	31.73	0	0.01	0	0.000102	0	7.7363	0	7.4769	0
9313SoOcn	 6	C	01/03/2015	08:23	   7.004	-43.009		   951.53	0	  3.1004	0	34.3106	0	27.281	0	203.9	0	61.3	0	31.45	0	0.01	0	0.000100	0	7.7433	0	7.4827	0
9313SoOcn	 6	C	01/03/2015	08:23	   7.004	-43.009		   900.92	0	  3.1883	0	34.2836	0	27.25	0	211.0	0	63.6	0	30.92	0	0.01	0	0.000103	0	7.7530	0	7.4912	0
9313SoOcn	 6	C	01/03/2015	08:23	   7.004	-43.009		   851.73	0	  3.2730	0	34.2619	0	27.223	0	216.3	0	65.3	0	30.59	0	0.01	0	0.000103	0	7.7611	0	7.4981	0
9313SoOcn	 6	C	01/03/2015	08:23	   7.004	-43.009		   800.17	0	  3.4054	0	34.2416	0	27.193	0	222.5	0	67.4	0	29.99	0	-0.01	0	0.000107	0	7.7708	0	7.5071	0
9313SoOcn	 6	C	01/03/2015	08:23	   7.004	-43.009		   750.63	0	  3.4973	0	34.2184	0	27.164	0	229.4	0	69.6	0	29.49	0	-0.01	0	0.000107	0	7.7814	0	7.5165	0
9313SoOcn	 6	C	01/03/2015	08:23	   7.004	-43.009		   701.01	0	  3.6206	0	34.2005	0	27.136	0	235.5	0	71.7	0	28.96	0	0.00	0	0.000105	0	7.7898	0	7.5242	0
9313SoOcn	 6	C	01/03/2015	08:23	   7.004	-43.009		   650.69	0	  3.7684	0	34.1933	0	27.114	0	238.9	0	73.0	0	28.36	0	0.01	0	0.000107	0	7.7963	0	7.5307	0
9313SoOcn	 6	C	01/03/2015	08:23	   7.004	-43.009		   601.70	0	  3.9173	0	34.1805	0	27.087	0	244.1	0	74.9	0	27.83	0	0.00	0	0.000102	0	7.8030	0	7.5372	0
9313SoOcn	 6	C	01/03/2015	08:23	   7.004	-43.009		   551.57	0	  4.2570	0	34.1750	0	27.045	0	247.6	0	76.6	0	26.88	0	0.00	0	0.000110	0	7.8107	0	7.5473	0
9313SoOcn	 6	C	01/03/2015	08:23	   7.004	-43.009		   500.94	0	  4.5061	0	34.1727	0	27.014	0	250.3	0	77.9	0	26.21	0	-0.01	0	0.000110	0	7.8145	0	7.5526	0
9313SoOcn	 6	C	01/03/2015	08:23	   7.004	-43.009		   451.11	0	  4.7891	0	34.1890	0	26.994	0	247.8	0	77.6	0	25.89	0	-0.01	0	0.000108	0	7.8126	0	7.5533	0
9313SoOcn	 6	C	01/03/2015	08:23	   7.004	-43.009		   401.69	0	  5.3357	0	34.2324	0	26.963	0	240.9	0	76.5	0	25.03	0	0.00	0	0.000113	0	7.8092	0	7.5561	0
9313SoOcn	 6	C	01/03/2015	08:23	   7.004	-43.009		   381.43	0	  5.5081	0	34.2454	0	26.953	0	239.0	0	76.2	0	24.72	0	-0.01	0	0.000116	0	7.8101	0	7.5587	0
9313SoOcn	 6	C	01/03/2015	08:23	   7.004	-43.009		   361.54	0	  5.7255	0	34.2642	0	26.941	0	237.7	0	76.2	0	24.24	0	-0.01	0	0.000113	0	7.8112	0	7.5621	0
9313SoOcn	 6	C	01/03/2015	08:23	   7.004	-43.009		   351.03	0	  5.9612	0	34.2832	0	26.926	0	236.2	0	76.2	0	23.75	0	-0.01	0	0.000123	0	7.8145	0	7.5681	0
9313SoOcn	 6	C	01/03/2015	08:23	   7.004	-43.009		   341.37	0	  6.0909	0	34.2984	0	26.921	0	235.2	0	76.0	0	23.41	0	0.01	0	0.000113	0	7.8144	0	7.5695	0
9313SoOcn	 6	C	01/03/2015	08:23	   7.004	-43.009		   330.93	0	  6.2217	0	34.3067	0	26.911	0	234.5	0	76.1	0	23.06	0	0.00	0	0.000138	0	7.8168	0	7.5732	0
9313SoOcn	 6	C	01/03/2015	08:23	   7.004	-43.009		   321.61	0	  6.3736	0	34.3210	0	26.903	0	234.0	0	76.2	0	22.65	0	0.01	0	0.000118	0	7.8196	0	7.5776	0
9313SoOcn	 6	C	01/03/2015	08:23	   7.004	-43.009		   311.14	0	  6.5549	0	34.3383	0	26.892	0	233.5	0	76.3	0	22.32	0	0.00	0	0.000121	0	7.8216	0	7.5817	0
9313SoOcn	 6	C	01/03/2015	08:23	   7.004	-43.009		   300.94	0	  6.7714	0	34.3596	0	26.88	0	232.5	0	76.4	0	21.75	0	-0.01	0	0.000127	0	7.8221	0	7.5848	0
9313SoOcn	 6	C	01/03/2015	08:23	   7.004	-43.009		   291.72	0	  6.9619	0	34.3777	0	26.869	0	231.3	0	76.4	0	21.34	0	-0.01	0	0.000119	0	7.8233	0	7.5883	0
9313SoOcn	 6	C	01/03/2015	08:23	   7.004	-43.009		   281.25	0	  7.1782	0	34.3954	0	26.853	0	230.1	0	76.4	0	20.88	0	0.05	0	0.000220	0	7.8252	0	7.5928	0
9313SoOcn	 6	C	01/03/2015	08:23	   7.004	-43.009		   270.99	0	  7.2449	0	34.4015	0	26.849	0	230.4	0	76.6	0	20.51	0	0.00	0	0.000142	0	7.8301	0	7.5979	0
9313SoOcn	 6	C	01/03/2015	08:23	   7.004	-43.009		   261.06	0	  7.4446	0	34.4147	0	26.831	0	231.5	0	77.3	0	19.88	0	0.00	0	0.000126	0	7.8327	0	7.6027	0
9313SoOcn	 6	C	01/03/2015	08:23	   7.004	-43.009		   251.41	0	  7.5893	0	34.4232	0	26.817	0	232.4	0	77.9	0	19.24	0	0.01	0	0.000126	0	7.8350	0	7.6066	0
9313SoOcn	 6	C	01/03/2015	08:23	   7.004	-43.009		   241.40	0	  7.6675	0	34.4257	0	26.808	0	234.3	0	78.6	0	18.80	0	0.01	0	0.000151	0	7.8397	0	7.6117	0
9313SoOcn	 6	C	01/03/2015	08:23	   7.004	-43.009		   231.55	0	  7.7580	0	34.4212	0	26.791	0	237.0	0	79.7	0	18.29	0	0.06	0	0.000199	0	7.8464	0	7.6188	0
9313SoOcn	 6	C	01/03/2015	08:23	   7.004	-43.009		   221.36	0	  7.7726	0	34.4132	0	26.782	0	240.4	0	80.9	0	17.97	0	0.03	0	0.000146	0	7.8533	0	7.6250	0
9313SoOcn	 6	C	01/03/2015	08:23	   7.004	-43.009		   211.42	0	  7.7383	0	34.3884	0	26.767	0	246.0	0	82.7	0	17.26	0	0.00	0	0.000150	0	7.8644	0	7.6343	0
9313SoOcn	 6	C	01/03/2015	08:23	   7.004	-43.009		   201.42	0	  7.7462	0	34.3679	0	26.749	0	251.5	0	84.5	0	16.89	0	0.03	0	0.000132	0	7.8722	0	7.6413	0
9313SoOcn	 6	C	01/03/2015	08:23	   7.004	-43.009		   191.26	0	  7.7692	0	34.3583	0	26.737	0	256.3	0	86.2	0	16.52	0	0.01	0	0.000191	0	7.8784	0	7.6470	0
9313SoOcn	 6	C	01/03/2015	08:23	   7.004	-43.009		   181.42	0	  7.8125	0	34.3454	0	26.72	0	260.0	0	87.5	0	16.17	0	0.03	0	0.000140	0	7.8827	0	7.6512	0
9313SoOcn	 6	C	01/03/2015	08:23	   7.004	-43.009		   171.51	0	  8.0422	0	34.3660	0	26.703	0	261.2	0	88.4	0	15.51	0	0.03	0	0.000142	0	7.8864	0	7.6576	0
9313SoOcn	 6	C	01/03/2015	08:23	   7.004	-43.009		   161.54	0	  8.0921	0	34.3673	0	26.697	0	262.0	0	88.8	0	15.33	0	0.04	0	0.000150	0	7.8878	0	7.6592	0
9313SoOcn	 6	C	01/03/2015	08:23	   7.004	-43.009		   151.29	0	  8.0903	0	34.3410	0	26.675	0	264.9	0	89.7	0	14.91	0	0.10	0	0.000371	0	7.8940	0	7.6645	0
9313SoOcn	 6	C	01/03/2015	08:23	   7.004	-43.009		   139.16	0	  8.2935	0	34.3377	0	26.642	0	267.4	0	91.0	0	14.34	0	0.11	0	0.000180	0	7.8975	0	7.6702	0
9313SoOcn	 6	C	01/03/2015	08:23	   7.004	-43.009		   130.76	0	  8.2001	0	34.2802	0	26.608	0	270.1	0	91.7	0	14.82	0	0.35	0	0.000197	0	7.8997	0	7.6707	0
9313SoOcn	 6	C	01/03/2015	08:23	   7.004	-43.009		   121.48	0	  8.2911	0	34.2585	0	26.576	0	271.5	0	92.3	0	14.55	0	0.66	0	0.000243	0	7.9025	0	7.6742	0
9313SoOcn	 6	C	01/03/2015	08:23	   7.004	-43.009		   111.41	0	  8.2905	0	34.2249	0	26.548	0	273.5	0	93.0	0	14.70	0	1.16	0	0.000810	0	7.9064	0	7.6774	0
9313SoOcn	 6	C	01/03/2015	08:23	   7.004	-43.009		   101.18	0	  8.1644	0	34.1365	0	26.494	0	278.6	0	94.4	0	15.54	0	1.62	0	0.000407	0	7.9216	0	7.6892	0
9313SoOcn	 6	C	01/03/2015	08:23	   7.004	-43.009		    94.70	0	  8.4303	0	34.1224	0	26.442	0	281.7	0	96.0	0	14.87	0	2.14	0	0.000514	0	7.9209	0	7.6922	0
9313SoOcn	 6	C	01/03/2015	08:23	   7.004	-43.009		    88.00	0	  8.5119	0	34.1182	0	26.426	0	283.8	0	96.9	0	14.72	0	2.28	0	0.000619	0	7.9233	0	7.6953	0
9313SoOcn	 6	C	01/03/2015	08:23	   7.004	-43.009		    80.90	0	  8.6131	0	34.1262	0	26.417	0	285.0	0	97.5	0	14.35	0	2.07	0	0.000414	0	7.9271	0	7.7000	0
9313SoOcn	 6	C	01/03/2015	08:23	   7.004	-43.009		    74.49	0	  8.7403	0	34.1405	0	26.409	0	284.6	0	97.7	0	14.04	0	1.97	0	0.000479	0	7.9318	0	7.7059	0
9313SoOcn	 6	C	01/03/2015	08:23	   7.004	-43.009		    68.30	0	  9.0945	0	34.1795	0	26.385	0	282.4	0	97.7	0	13.04	0	1.77	0	0.000480	0	7.9316	0	7.7106	0
9313SoOcn	 6	C	01/03/2015	08:23	   7.004	-43.009		    62.27	0	  9.2271	0	34.1976	0	26.379	0	281.7	0	97.8	0	12.67	0	1.74	0	0.000391	0	7.9328	0	7.7134	0
9313SoOcn	 6	C	01/03/2015	08:23	   7.004	-43.009		    56.62	0	  9.2887	0	34.2043	0	26.374	0	281.5	0	97.8	0	12.51	0	1.61	0	0.000360	0	7.9333	0	7.7145	0
9313SoOcn	 6	C	01/03/2015	08:23	   7.004	-43.009		    51.35	0	  9.3210	0	34.2111	0	26.375	0	281.4	0	97.9	0	12.43	0	1.55	0	0.000326	0	7.9329	0	7.7144	0
9313SoOcn	 6	C	01/03/2015	08:23	   7.004	-43.009		    46.21	0	  9.3549	0	34.2134	0	26.371	0	280.8	0	97.8	0	12.40	0	1.65	0	0.000371	0	7.9341	0	7.7159	0
9313SoOcn	 6	C	01/03/2015	08:23	   7.004	-43.009		    40.55	0	  9.3748	0	34.2170	0	26.371	0	281.0	0	97.9	0	12.33	0	1.43	0	0.000374	0	7.9352	0	7.7170	0
9313SoOcn	 6	C	01/03/2015	08:23	   7.004	-43.009		    35.68	0	  9.4082	0	34.2205	0	26.368	0	280.6	0	97.8	0	12.29	0	1.35	0	0.000313	0	7.9354	0	7.7175	0
9313SoOcn	 6	C	01/03/2015	08:23	   7.004	-43.009		    31.74	0	  9.4058	0	34.2212	0	26.369	0	280.6	0	97.8	0	12.28	0	1.19	0	0.000323	0	7.9354	0	7.7173	0
9313SoOcn	 6	C	01/03/2015	08:23	   7.004	-43.009		    27.38	0	  9.4107	0	34.2210	0	26.368	0	280.8	0	97.9	0	12.27	0	1.06	0	0.000326	0	7.9358	0	7.7176	0
9313SoOcn	 6	C	01/03/2015	08:23	   7.004	-43.009		    23.57	0	  9.4164	0	34.2221	0	26.368	0	280.6	0	97.8	0	12.28	0	0.89	0	0.000353	0	7.9362	0	7.7179	0
9313SoOcn	 6	C	01/03/2015	08:23	   7.004	-43.009		    19.50	0	  9.4171	0	34.2220	0	26.368	0	280.7	0	97.9	0	12.28	0	0.60	0	0.000318	0	7.9368	0	7.7184	0
9313SoOcn	 6	C	01/03/2015	08:23	   7.004	-43.009		    16.17	0	  9.4183	0	34.2221	0	26.368	0	280.9	0	97.9	0	12.32	0	0.50	0	0.000296	0	7.9376	0	7.7190	0
9313SoOcn	 6	C	01/03/2015	08:23	   7.004	-43.009		    13.12	0	  9.4125	0	34.2221	0	26.369	0	281.0	0	98.0	0	12.44	0	0.41	0	0.000325	0	7.9373	0	7.7185	0
9313SoOcn	 6	C	01/03/2015	08:23	   7.004	-43.009		    11.66	0	  9.4190	0	34.2226	0	26.368	0	280.8	0	97.9	0	12.23	0	0.36	0	0.000305	0	7.9392	0	7.7203	0
9313SoOcn	 6	C	01/03/2015	08:23	   7.004	-43.009		     7.76	0	  9.4214	0	34.2208	0	26.366	0	281.7	0	98.2	0	12.27	0	0.34	0	0.000375	0	7.9417	0	7.7226	0
9313SoOcn	 6	C	01/03/2015	08:23	   7.004	-43.009																					
